ass 2914 0.006426 3
ess 2476 0.005460 3
der 1909 0.004210 3
assw 1631 0.003597 4
oll 1305 0.002878 3
ree 1269 0.002798 3
llo 1241 0.002737 3
err 1136 0.002505 3
red 1050 0.002315 3
ert 992 0.002187 3
tty 899 0.001982 3
ool 870 0.001918 3
ase 861 0.001899 3
dre 814 0.001795 3
ere 759 0.001674 3
wer 720 0.001588 3
res 713 0.001572 3
des 679 0.001497 3
tre 662 0.001460 3
ook 599 0.001321 3
ssa 572 0.001261 3
poo 544 0.001200 3
oop 529 0.001167 3
ser 517 0.001140 3
asa 515 0.001136 3
swee 505 0.001114 4
ooki 503 0.001109 4
ppl 493 0.001087 3
olo 490 0.001081 3
erf 480 0.001058 3
free 453 0.000999 4
awa 448 0.000988 3
qwerty 426 0.000939 6
freed 412 0.000909 5
pop 383 0.000845 3
iki 382 0.000842 3
eer 369 0.000814 3
dee 350 0.000772 3
loo 347 0.000765 3
rre 344 0.000759 3
opp 343 0.000756 3
eed 340 0.000750 3
wes 339 0.000748 3
ggy 338 0.000745 3
erd 336 0.000741 3
drew 315 0.000695 4
azz 310 0.000684 3
pol 305 0.000673 3
wee 298 0.000657 3
tree 298 0.000657 4
ses 296 0.000653 3
rty 296 0.000653 3
asd 287 0.000633 3
rds 286 0.000631 3
edd 281 0.000620 3
fre 274 0.000604 3
ewa 270 0.000595 3
asdf 265 0.000584 4
lol 258 0.000569 3
ees 257 0.000567 3
swa 256 0.000565 3
esa 254 0.000560 3
qwe 245 0.000540 3
ese 243 0.000536 3
edc 240 0.000529 3
essed 240 0.000529 5
sas 236 0.000520 3
oki 226 0.000498 3
poop 224 0.000494 4
rde 219 0.000483 3
sse 213 0.000470 3
pok 201 0.000443 3
qaz 196 0.000432 3
eese 195 0.000430 4
aza 185 0.000408 3
ede 180 0.000397 3
reds 175 0.000386 4
olp 175 0.000386 3
iol 173 0.000381 3
ews 165 0.000364 3
iko 162 0.000357 3
esse 161 0.000355 4
was 155 0.000342 3
zza 151 0.000333 3
ress 151 0.000333 4
cde 150 0.000331 3
assa 149 0.000329 4
see 149 0.000329 3
poi 148 0.000326 3
ewe 147 0.000324 3
hnn 145 0.000320 3
lop 145 0.000320 3
ikki 141 0.000311 4
nji 139 0.000307 3
fred 138 0.000304 4
sere 136 0.000300 4
opl 134 0.000295 3
essa 134 0.000295 4
edr 131 0.000289 3
wsx 131 0.000289 3
sed 123 0.000271 3
rew 121 0.000267 3
pooki 120 0.000265 5
qwer 119 0.000262 4
plo 118 0.000260 3
aws 117 0.000258 3
nju 112 0.000247 3
erre 112 0.000247 4
lki 112 0.000247 3
sass 111 0.000245 4
redr 111 0.000245 4
xxx 110 0.000243 3
redd 109 0.000240 4
pook 108 0.000238 4
rdf 107 0.000236 3
saa 107 0.000236 3
erty 106 0.000234 4
dsa 104 0.000229 3
zxc 101 0.000223 3
pool 98 0.000216 4
aser 97 0.000214 4
oko 93 0.000205 3
ddess 92 0.000203 5
ssw 90 0.000198 3
aaa 89 0.000196 3
dere 89 0.000196 4
jui 87 0.000192 3
ookl 87 0.000192 4
dde 86 0.000190 3
ded 85 0.000187 3
loll 82 0.000181 4
dse 82 0.000181 3
rer 80 0.000176 3
swe 79 0.000174 3
popp 79 0.000174 4
klo 77 0.000170 3
kol 76 0.000168 3
dew 76 0.000168 3
fres 76 0.000168 4
ffre 74 0.000163 4
ppo 73 0.000161 3
edes 73 0.000161 4
saw 73 0.000161 3
fredd 73 0.000161 5
esd 72 0.000159 3
sses 71 0.000157 4
koo 69 0.000152 3
Ass 68 0.000150 3
eresa 67 0.000148 5
rdc 64 0.000141 3
pollo 64 0.000141 5
eds 63 0.000139 3
aaaaaa 63 0.000139 6
bhu 63 0.000139 3
kiki 63 0.000139 4
ollo 62 0.000137 4
rese 62 0.000137 4
iji 62 0.000137 3
sss 60 0.000132 3
kool 60 0.000132 4
jkl 60 0.000132 3
weed 59 0.000130 4
wed 57 0.000126 3
loop 57 0.000126 4
uji 57 0.000126 3
reed 56 0.000123 4
eee 56 0.000123 3
zxcvbnm 56 0.000123 7
lok 55 0.000121 3
ooo 55 0.000121 3
ikk 55 0.000121 3
fgh 55 0.000121 3
eres 55 0.000121 4
rtt 54 0.000119 3
sde 54 0.000119 3
awes 54 0.000119 4
asdfgh 54 0.000119 6
wssa 53 0.000117 4
loi 53 0.000117 3
rres 52 0.000115 4
rdr 52 0.000115 3
rder 51 0.000112 4
aas 51 0.000112 3
mmm 51 0.000112 3
iju 51 0.000112 3
lloo 50 0.000110 4
reer 49 0.000108 4
opo 48 0.000106 3
poll 48 0.000106 4
look 48 0.000106 4
ered 47 0.000104 4
lko 47 0.000104 3
kki 46 0.000101 3
poopoo 46 0.000101 6
asdfghjkl 46 0.000101 9
sew 46 0.000101 3
asse 45 0.000099 4
azza 45 0.000099 4
kok 45 0.000099 3
mki 45 0.000099 3
iop 45 0.000099 3
ASS 45 0.000099 3
olk 45 0.000099 3
tyg 44 0.000097 3
tress 44 0.000097 5
fty 44 0.000097 3
rede 44 0.000097 4
qwert 44 0.000097 5
koko 44 0.000097 4
rtg 44 0.000097 3
esw 43 0.000095 3
wedd 43 0.000095 4
ESS 42 0.000093 3
ttr 42 0.000093 3
cdc 42 0.000093 3
redf 42 0.000093 4
lll 41 0.000090 3
ffr 41 0.000090 3
qwertyuiop 41 0.000090 10
dres 40 0.000088 4
ytr 40 0.000088 3
deer 40 0.000088 4
ikm 39 0.000086 3
rtr 39 0.000086 3
eewee 39 0.000086 5
deedee 39 0.000086 6
qazxsw 38 0.000084 6
okl 38 0.000084 3
awe 38 0.000084 3
Red 38 0.000084 3
lollol 38 0.000084 6
sesa 37 0.000082 4
llp 37 0.000082 3
kop 37 0.000082 3
lkj 37 0.000082 3
dred 36 0.000079 4
ccc 36 0.000079 3
aaz 36 0.000079 3
loki 36 0.000079 4
erde 36 0.000079 4
rees 35 0.000077 4
kik 35 0.000077 3
seed 35 0.000077 4
polo 35 0.000077 4
derr 34 0.000075 4
asw 34 0.000075 3
redc 34 0.000075 4
ghu 34 0.000075 3
dder 34 0.000075 4
mnb 33 0.000073 3
nnn 33 0.000073 3
lpo 33 0.000073 3
zzz 33 0.000073 3
ikol 33 0.000073 4
ertr 32 0.000071 4
lolo 32 0.000071 4
opol 32 0.000071 4
derf 32 0.000071 4
rewa 32 0.000071 4
asses 32 0.000071 5
xxxxxx 32 0.000071 6
sdf 32 0.000071 3
ghn 31 0.000068 3
nnm 31 0.000068 3
ppp 31 0.000068 3
hui 30 0.000066 3
dert 30 0.000066 4
dsw 30 0.000066 3
Tre 30 0.000066 3
rtre 30 0.000066 4
ttt 30 0.000066 3
qwedsa 30 0.000066 6
rrr 29 0.000064 3
hyt 29 0.000064 3
yhu 29 0.000064 3
huy 29 0.000064 3
bbb 29 0.000064 3
mji 29 0.000064 3
rdd 29 0.000064 3
ddd 29 0.000064 3
dewa 28 0.000062 4
edf 28 0.000062 3
lkm 27 0.000060 3
hnj 27 0.000060 3
mjm 27 0.000060 3
dss 27 0.000060 3
assass 27 0.000060 6
okk 27 0.000060 3
zxcvbn 27 0.000060 6
nhu 27 0.000060 3
tyt 27 0.000060 3
ggg 27 0.000060 3
polk 26 0.000057 4
frees 26 0.000057 5
rtf 26 0.000057 3
asz 26 0.000057 3
jjj 26 0.000057 3
rfr 25 0.000055 3
eder 25 0.000055 4
asdfg 25 0.000055 5
juju 25 0.000055 4
Des 25 0.000055 3
resa 25 0.000055 4
hyu 25 0.000055 3
iii 24 0.000053 3
reese 24 0.000053 5
derd 24 0.000053 4
ddr 24 0.000053 3
looki 24 0.000053 5
Free 24 0.000053 4
fff 24 0.000053 3
wert 23 0.000051 4
trees 23 0.000051 5
qwertyui 23 0.000051 8
aswa 23 0.000051 4
yty 23 0.000051 3
hnb 23 0.000051 3
jjjjjj 23 0.000051 6
hji 23 0.000051 3
eww 23 0.000051 3
cdr 23 0.000051 3
wass 22 0.000049 4
iolo 22 0.000049 4
kkk 22 0.000049 3
eeds 22 0.000049 4
cfc 22 0.000049 3
kko 22 0.000049 3
nnb 22 0.000049 3
ghb 22 0.000049 3
sdr 22 0.000049 3
hhh 22 0.000049 3
Poo 22 0.000049 3
gfd 22 0.000049 3
gfr 21 0.000046 3
zxcv 21 0.000046 4
kii 21 0.000046 3
tfr 21 0.000046 3
koi 21 0.000046 3
ttyg 21 0.000046 4
tres 21 0.000046 4
Swee 21 0.000046 4
Dre 21 0.000046 3
eew 21 0.000046 3
wsa 21 0.000046 3
waz 21 0.000046 3
redred 20 0.000044 6
ffg 20 0.000044 3
fft 20 0.000044 3
asee 20 0.000044 4
dds 19 0.000042 3
popo 19 0.000042 4
Ser 19 0.000042 3
sds 19 0.000042 3
ttf 19 0.000042 3
iok 19 0.000042 3
ffd 19 0.000042 3
cds 19 0.000042 3
DES 19 0.000042 3
DER 19 0.000042 3
zas 19 0.000042 3
nnj 19 0.000042 3
REE 19 0.000042 3
asss 19 0.000042 4
mko 19 0.000042 3
tyu 18 0.000040 3
sser 18 0.000040 4
trf 18 0.000040 3
deed 18 0.000040 4
rrt 18 0.000040 3
eree 18 0.000040 4
Freed 18 0.000040 5
jmj 18 0.000040 3
ftr 18 0.000040 3
jmm 18 0.000040 3
xxxxxxxx 18 0.000040 8
xsa 18 0.000040 3
sdc 18 0.000040 3
xza 18 0.000040 3
ikko 18 0.000040 4
mnbvcxz 18 0.000040 7
ttg 17 0.000037 3
ooi 17 0.000037 3
swer 17 0.000037 4
tfree 17 0.000037 5
dess 17 0.000037 4
Res 17 0.000037 3
www 17 0.000037 3
xse 17 0.000037 3
hyg 17 0.000037 3
edre 17 0.000037 4
lopp 17 0.000037 4
tred 17 0.000037 4
ijn 17 0.000037 3
gyu 17 0.000037 3
saz 16 0.000035 3
lloki 16 0.000035 5
asser 16 0.000035 5
OLL 16 0.000035 3
edder 16 0.000035 5
ases 16 0.000035 4
tgb 16 0.000035 3
kji 16 0.000035 3
rews 16 0.000035 4
ssssss 16 0.000035 6
ssd 16 0.000035 3
rfc 16 0.000035 3
asas 16 0.000035 4
werf 16 0.000035 4
RED 16 0.000035 3
mnm 16 0.000035 3
Dee 16 0.000035 3
lpl 16 0.000035 3
xsw 16 0.000035 3
zzzzzz 16 0.000035 6
ikl 15 0.000033 3
dfc 15 0.000033 3
dewe 15 0.000033 4
xxxx 15 0.000033 4
mjk 15 0.000033 3
ijk 15 0.000033 3
qqq 15 0.000033 3
ssed 15 0.000033 4
gtr 15 0.000033 3
essee 15 0.000033 5
ygy 15 0.000033 3
asdfghjk 15 0.000033 8
jjm 15 0.000033 3
Wes 15 0.000033 3
ggh 15 0.000033 3
ffc 15 0.000033 3
nhy 15 0.000033 3
lkl 15 0.000033 3
ERT 15 0.000033 3
ased 15 0.000033 4
LLO 15 0.000033 3
mnh 15 0.000033 3
yyy 15 0.000033 3
okm 15 0.000033 3
huh 15 0.000033 3
uio 15 0.000033 3
ookm 15 0.000033 4
llk 14 0.000031 3
aqa 14 0.000031 3
hnm 14 0.000031 3
dfre 14 0.000031 4
olki 14 0.000031 4
dede 14 0.000031 4
uik 14 0.000031 3
bnm 14 0.000031 3
mnj 14 0.000031 3
freder 14 0.000031 6
aaaa 14 0.000031 4
sza 14 0.000031 3
awasa 14 0.000031 5
werd 14 0.000031 4
wasa 14 0.000031 4
nnh 14 0.000031 3
dessa 14 0.000031 5
kmj 14 0.000031 3
qwaszx 14 0.000031 6
sess 14 0.000031 4
werty 14 0.000031 5
zaz 13 0.000029 3
rtyt 13 0.000029 4
kiko 13 0.000029 4
ssss 13 0.000029 4
rdes 13 0.000029 4
bbg 13 0.000029 3
jik 13 0.000029 3
ERR 13 0.000029 3
esser 13 0.000029 5
kmm 13 0.000029 3
llki 13 0.000029 4
fdr 13 0.000029 3
dddd 13 0.000029 4
trd 13 0.000029 3
dcc 13 0.000029 3
vvv 13 0.000029 3
drd 13 0.000029 3
bnb 13 0.000029 3
jkm 13 0.000029 3
yuh 13 0.000029 3
kokolo 13 0.000029 6
essd 13 0.000029 4
ccf 13 0.000029 3
jmk 12 0.000026 3
sawa 12 0.000026 4
xde 12 0.000026 3
uju 12 0.000026 3
rewer 12 0.000026 5
njh 12 0.000026 3
hhu 12 0.000026 3
rrd 12 0.000026 3
redee 12 0.000026 5
qqqqqq 12 0.000026 6
asde 12 0.000026 4
mkl 12 0.000026 3
ghh 12 0.000026 3
drews 12 0.000026 5
kij 12 0.000026 3
aaaaaaaa 12 0.000026 8
huu 12 0.000026 3
ddc 12 0.000026 3
kjk 12 0.000026 3
njm 12 0.000026 3
deere 12 0.000026 5
uhu 12 0.000026 3
dcf 12 0.000026 3
hgf 12 0.000026 3
asewe 12 0.000026 5
nhb 12 0.000026 3
waa 12 0.000026 3
gty 12 0.000026 3
saq 12 0.000026 3
kjh 12 0.000026 3
plok 12 0.000026 4
eswa 11 0.000024 4
trt 11 0.000024 3
ygh 11 0.000024 3
drf 11 0.000024 3
awed 11 0.000024 4
jki 11 0.000024 3
swede 11 0.000024 5
Der 11 0.000024 3
kio 11 0.000024 3
werew 11 0.000024 5
dree 11 0.000024 4
SSA 11 0.000024 3
ghj 11 0.000024 3
ghy 11 0.000024 3
dfg 11 0.000024 3
tyh 11 0.000024 3
mjh 11 0.000024 3
dfr 11 0.000024 3
aass 11 0.000024 4
desa 11 0.000024 4
yuu 11 0.000024 3
DRE 11 0.000024 3
hju 11 0.000024 3
hjm 11 0.000024 3
ggb 11 0.000024 3
ewer 11 0.000024 4
mmj 11 0.000024 3
jnh 11 0.000024 3
Fre 11 0.000024 3
jhu 11 0.000024 3
wwe 11 0.000024 3
sert 11 0.000024 4
mmmm 11 0.000024 4
poiu 11 0.000024 4
wser 11 0.000024 4
qwa 11 0.000024 3
uyu 11 0.000024 3
wss 11 0.000024 3
uyt 11 0.000024 3
ddes 11 0.000024 4
rred 11 0.000024 4
eert 11 0.000024 4
ghg 11 0.000024 3
bgt 11 0.000024 3
xxc 11 0.000024 3
QWE 11 0.000024 3
Wee 11 0.000024 3
olklo 11 0.000024 5
cft 10 0.000022 3
ccd 10 0.000022 3
pooppoop 10 0.000022 8
jju 10 0.000022 3
hnh 10 0.000022 3
waw 10 0.000022 3
erdes 10 0.000022 5
erer 10 0.000022 4
mmk 10 0.000022 3
kkj 10 0.000022 3
azs 10 0.000022 3
oolp 10 0.000022 4
dcd 10 0.000022 3
poiuyt 10 0.000022 6
ASSW 10 0.000022 4
assd 10 0.000022 4
sasa 10 0.000022 4
azaa 10 0.000022 4
POO 10 0.000022 3
drt 10 0.000022 3
redfred 10 0.000022 7
kjm 10 0.000022 3
TTY 10 0.000022 3
qawsed 10 0.000022 6
huj 10 0.000022 3
rdee 10 0.000022 4
rfv 10 0.000022 3
aaaaa 10 0.000022 5
dft 10 0.000022 3
assed 10 0.000022 5
esx 10 0.000022 3
serr 10 0.000022 4
juu 10 0.000022 3
frt 10 0.000022 3
kikk 10 0.000022 4
kju 10 0.000022 3
rfd 10 0.000022 3
sdx 10 0.000022 3
tgh 10 0.000022 3
azx 9 0.000020 3
jko 9 0.000020 3
ploo 9 0.000020 4
zxcvb 9 0.000020 5
kkm 9 0.000020 3
errer 9 0.000020 5
llpo 9 0.000020 4
reeses 9 0.000020 6
hyy 9 0.000020 3
aszx 9 0.000020 4
eweed 9 0.000020 5
cfd 9 0.000020 3
juh 9 0.000020 3
OOK 9 0.000020 3
ewes 9 0.000020 4
poppop 9 0.000020 6
erese 9 0.000020 5
desert 9 0.000020 6
hgh 9 0.000020 3
reeree 9 0.000020 6
esss 9 0.000020 4
rrf 9 0.000020 3
hhb 9 0.000020 3
eeeeee 9 0.000020 6
asdfghj 9 0.000020 7
erfr 9 0.000020 4
jio 9 0.000020 3
kkl 9 0.000020 3
aaw 9 0.000020 3
essw 9 0.000020 4
nbb 9 0.000020 3
jjh 9 0.000020 3
freew 9 0.000020 5
ftf 9 0.000020 3
gtg 9 0.000020 3
bgh 9 0.000020 3
aweed 9 0.000020 5
OOL 9 0.000020 3
kjj 9 0.000020 3
sdd 9 0.000020 3
uuu 9 0.000020 3
ytt 9 0.000020 3
kolo 9 0.000020 4
ooll 9 0.000020 4
oopl 9 0.000020 4
bbbbbb 9 0.000020 6
oopo 9 0.000020 4
tgy 9 0.000020 3
zaq 9 0.000020 3
ioi 9 0.000020 3
nbv 9 0.000020 3
fgf 9 0.000020 3
ddf 9 0.000020 3
aswe 9 0.000020 4
jkk 9 0.000020 3
oiu 9 0.000020 3
iik 9 0.000020 3
sdfg 9 0.000020 4
Lol 9 0.000020 3
hgv 9 0.000020 3
fvc 9 0.000020 3
rtyg 8 0.000018 4
jji 8 0.000018 3
erdr 8 0.000018 4
ioo 8 0.000018 3
sxc 8 0.000018 3
oooo 8 0.000018 4
Reds 8 0.000018 4
wew 8 0.000018 3
dese 8 0.000018 4
mkj 8 0.000018 3
Pol 8 0.000018 3
rrrrrr 8 0.000018 6
serf 8 0.000018 4
xcv 8 0.000018 3
ERE 8 0.000018 3
were 8 0.000018 4
ttre 8 0.000018 4
rff 8 0.000018 3
EDD 8 0.000018 3
kook 8 0.000018 4
asasas 8 0.000018 6
zzas 8 0.000018 4
njj 8 0.000018 3
mkm 8 0.000018 3
See 8 0.000018 3
iio 8 0.000018 3
dsx 8 0.000018 3
bbv 8 0.000018 3
Drew 8 0.000018 4
hgt 8 0.000018 3
cfr 8 0.000018 3
bhn 8 0.000018 3
mju 8 0.000018 3
uij 8 0.000018 3
wase 8 0.000018 4
ytre 8 0.000018 4
vfd 8 0.000018 3
Pok 8 0.000018 3
gbb 8 0.000018 3
Poi 8 0.000018 3
OOKI 8 0.000018 4
xxd 8 0.000018 3
qwertyu 8 0.000018 7
rft 8 0.000018 3
hbh 8 0.000018 3
dddddd 8 0.000018 6
olop 8 0.000018 4
aqw 8 0.000018 3
kkkkkk 8 0.000018 6
wawa 8 0.000018 4
uhb 8 0.000018 3
reddress 8 0.000018 8
mmn 8 0.000018 3
nhh 8 0.000018 3
wwa 8 0.000018 3
oii 8 0.000018 3
ijh 8 0.000018 3
kopp 8 0.000018 4
fcc 8 0.000018 3
asswa 8 0.000018 5
aasa 8 0.000018 4
ggf 8 0.000018 3
weewee 8 0.000018 6
hjj 8 0.000018 3
uiop 8 0.000018 4
nbn 8 0.000018 3
llllll 8 0.000018 6
bhj 8 0.000018 3
tgt 8 0.000018 3
jhh 8 0.000018 3
fcx 8 0.000018 3
fds 8 0.000018 3
wsw 8 0.000018 3
asswerd 7 0.000015 7
ikoo 7 0.000015 4
kmn 7 0.000015 3
rdx 7 0.000015 3
yhy 7 0.000015 3
tfre 7 0.000015 4
eedc 7 0.000015 4
SWEE 7 0.000015 4
vfc 7 0.000015 3
kolk 7 0.000015 4
dered 7 0.000015 5
Swa 7 0.000015 3
esde 7 0.000015 4
dff 7 0.000015 3
vbn 7 0.000015 3
rewed 7 0.000015 5
oolki 7 0.000015 5
ytree 7 0.000015 5
iuu 7 0.000015 3
jii 7 0.000015 3
opop 7 0.000015 4
ASA 7 0.000015 3
edee 7 0.000015 4
awer 7 0.000015 4
cxz 7 0.000015 3
esz 7 0.000015 3
jhj 7 0.000015 3
ewq 7 0.000015 3
ssas 7 0.000015 4
ewas 7 0.000015 4
nnnn 7 0.000015 4
tfg 7 0.000015 3
awq 7 0.000015 3
qwas 7 0.000015 4
esses 7 0.000015 5
asawa 7 0.000015 5
cdd 7 0.000015 3
AWA 7 0.000015 3
eesa 7 0.000015 4
asdffdsa 7 0.000015 8
ijm 7 0.000015 3
cxx 7 0.000015 3
zaa 7 0.000015 3
kooki 7 0.000015 5
DEE 7 0.000015 3
ssaa 7 0.000015 4
aqq 7 0.000015 3
waqas 7 0.000015 5
ddee 7 0.000015 4
tff 7 0.000015 3
vbg 7 0.000015 3
nmk 7 0.000015 3
fgt 7 0.000015 3
sewa 7 0.000015 4
wertyu 7 0.000015 6
edC 7 0.000015 3
EDE 7 0.000015 3
bbh 7 0.000015 3
erD 7 0.000015 3
mjj 7 0.000015 3
ujm 7 0.000015 3
hbb 7 0.000015 3
ygg 7 0.000015 3
jmn 7 0.000015 3
qaws 7 0.000015 4
eser 7 0.000015 4
ytg 7 0.000015 3
dsd 7 0.000015 3
oik 7 0.000015 3
yhn 7 0.000015 3
awas 7 0.000015 4
kkkk 7 0.000015 4
kll 7 0.000015 3
xdd 7 0.000015 3
vcd 7 0.000015 3
nmm 7 0.000015 3
vbb 7 0.000015 3
vft 7 0.000015 3
uii 7 0.000015 3
freewa 7 0.000015 6
ewed 7 0.000015 4
aww 7 0.000015 3
nmn 7 0.000015 3
juj 7 0.000015 3
ASD 7 0.000015 3
CDE 7 0.000015 3
hjh 7 0.000015 3
xds 7 0.000015 3
hbv 7 0.000015 3
Was 7 0.000015 3
yhj 7 0.000015 3
dfv 7 0.000015 3
kiu 7 0.000015 3
wasser 6 0.000013 6
zsa 6 0.000013 3
wse 6 0.000013 3
tressa 6 0.000013 6
RDS 6 0.000013 3
jjk 6 0.000013 3
reser 6 0.000013 5
trese 6 0.000013 5
koop 6 0.000013 4
zse 6 0.000013 3
rdsa 6 0.000013 4
assee 6 0.000013 5
gbh 6 0.000013 3
reeds 6 0.000013 5
edx 6 0.000013 3
ertg 6 0.000013 4
dredre 6 0.000013 6
Poll 6 0.000013 4
rewe 6 0.000013 4
mmmmmm 6 0.000013 6
koki 6 0.000013 4
rdre 6 0.000013 4
Qaz 6 0.000013 3
dser 6 0.000013 4
hhhhh 6 0.000013 5
ooooo 6 0.000013 5
frd 6 0.000013 3
hjkm 6 0.000013 4
olol 6 0.000013 4
wazz 6 0.000013 4
oopoo 6 0.000013 5
trer 6 0.000013 4
fgb 6 0.000013 3
gbg 6 0.000013 3
bbbb 6 0.000013 4
klp 6 0.000013 3
cdf 6 0.000013 3
poopo 6 0.000013 5
Qwerty 6 0.000013 6
eeder 6 0.000013 5
ssess 6 0.000013 5
ttyt 6 0.000013 4
dfred 6 0.000013 5
RDE 6 0.000013 3
hhhh 6 0.000013 4
pppppp 6 0.000013 6
oolo 6 0.000013 4
kopo 6 0.000013 4
ddress 6 0.000013 6
ssx 6 0.000013 3
bnj 6 0.000013 3
sase 6 0.000013 4
ikii 6 0.000013 4
SEE 6 0.000013 3
Ree 6 0.000013 3
klop 6 0.000013 4
EER 6 0.000013 3
pll 6 0.000013 3
uhh 6 0.000013 3
cvc 6 0.000013 3
redde 6 0.000013 5
lllo 6 0.000013 4
wesa 6 0.000013 4
ftg 6 0.000013 3
ikj 6 0.000013 3
fgg 6 0.000013 3
looko 6 0.000013 5
kmk 6 0.000013 3
hyh 6 0.000013 3
esee 6 0.000013 4
jjjj 6 0.000013 4
dees 6 0.000013 4
GGY 6 0.000013 3
lpoi 6 0.000013 4
okok 6 0.000013 4
okio 6 0.000013 4
kjn 6 0.000013 3
pooo 6 0.000013 4
uhn 6 0.000013 3
qws 6 0.000013 3
asx 6 0.000013 3
wered 6 0.000013 5
lkjhgf 6 0.000013 6
rfg 6 0.000013 3
wasd 6 0.000013 4
ujh 6 0.000013 3
eedf 6 0.000013 4
cccc 6 0.000013 4
mjn 6 0.000013 3
sede 6 0.000013 4
bvc 6 0.000013 3
nbh 6 0.000013 3
hjk 6 0.000013 3
zzs 6 0.000013 3
gff 6 0.000013 3
FGH 6 0.000013 3
yyg 6 0.000013 3
bhg 6 0.000013 3
qqw 6 0.000013 3
Sas 6 0.000013 3
swas 6 0.000013 4
frr 6 0.000013 3
njn 6 0.000013 3
vff 6 0.000013 3
swq 6 0.000013 3
iuy 6 0.000013 3
olok 6 0.000013 4
bhy 6 0.000013 3
gbn 6 0.000013 3
jnn 6 0.000013 3
vgv 6 0.000013 3
oij 6 0.000013 3
uuh 6 0.000013 3
nhj 6 0.000013 3
ygf 6 0.000013 3
cxs 6 0.000013 3
iij 6 0.000013 3
waq 6 0.000013 3
assW 6 0.000013 4
qaqaqaqa 6 0.000013 8
dews 5 0.000011 4
plokij 5 0.000011 6
kkii 5 0.000011 4
popl 5 0.000011 4
wasee 5 0.000011 5
koll 5 0.000011 4
jhb 5 0.000011 3
zzzz 5 0.000011 4
wess 5 0.000011 4
fredfred 5 0.000011 8
cff 5 0.000011 3
rere 5 0.000011 4
zxd 5 0.000011 3
hgy 5 0.000011 3
tressed 5 0.000011 7
POL 5 0.000011 3
eedr 5 0.000011 4
esA 5 0.000011 3
eere 5 0.000011 4
opolo 5 0.000011 5
OLP 5 0.000011 3
III 5 0.000011 3
erdee 5 0.000011 5
ressa 5 0.000011 5
yui 5 0.000011 3
FREE 5 0.000011 4
PPL 5 0.000011 3
xdr 5 0.000011 3
koolk 5 0.000011 5
Kol 5 0.000011 3
WER 5 0.000011 3
aaq 5 0.000011 3
looloo 5 0.000011 6
nmj 5 0.000011 3
okokok 5 0.000011 6
SER 5 0.000011 3
esaw 5 0.000011 4
wqw 5 0.000011 3
fredr 5 0.000011 5
zzzzzzzz 5 0.000011 8
ERF 5 0.000011 3
gggggg 5 0.000011 6
aswee 5 0.000011 5
QWERTY 5 0.000011 6
kokoko 5 0.000011 6
frf 5 0.000011 3
rded 5 0.000011 4
Asdf 5 0.000011 4
Poop 5 0.000011 4
jhg 5 0.000011 3
lpol 5 0.000011 4
WES 5 0.000011 3
ssdd 5 0.000011 4
Redd 5 0.000011 4
poki 5 0.000011 4
oooooo 5 0.000011 6
erT 5 0.000011 3
nbg 5 0.000011 3
loko 5 0.000011 4
erfree 5 0.000011 6
OPP 5 0.000011 3
hhn 5 0.000011 3
asaa 5 0.000011 4
dress 5 0.000011 5
swaq 5 0.000011 4
Ede 5 0.000011 3
mmmmm 5 0.000011 5
tyy 5 0.000011 3
iklo 5 0.000011 4
cvb 5 0.000011 3
llll 5 0.000011 4
nhn 5 0.000011 3
kokop 5 0.000011 5
qwee 5 0.000011 4
zsx 5 0.000011 3
cvg 5 0.000011 3
fde 5 0.000011 3
zxx 5 0.000011 3
kklo 5 0.000011 4
redder 5 0.000011 6
yuj 5 0.000011 3
plp 5 0.000011 3
fdf 5 0.000011 3
erds 5 0.000011 4
bnh 5 0.000011 3
iui 5 0.000011 3
ghui 5 0.000011 4
opoo 5 0.000011 4
hgg 5 0.000011 3
dfres 5 0.000011 5
pppp 5 0.000011 4
zzzzz 5 0.000011 5
zsw 5 0.000011 3
jiu 5 0.000011 3
bvv 5 0.000011 3
ooklo 5 0.000011 5
xsd 5 0.000011 3
reddr 5 0.000011 5
cfg 5 0.000011 3
popopo 5 0.000011 6
gyt 5 0.000011 3
QAZ 5 0.000011 3
LKJ 5 0.000011 3
jhy 5 0.000011 3
uyg 5 0.000011 3
yhg 5 0.000011 3
ujk 5 0.000011 3
yyh 5 0.000011 3
ytrewq 5 0.000011 6
hhj 5 0.000011 3
sww 5 0.000011 3
eeee 5 0.000011 4
ffff 5 0.000011 4
Fred 5 0.000011 4
yhb 5 0.000011 3
dfd 5 0.000011 3
tft 5 0.000011 3
ewsd 5 0.000011 4
bgb 5 0.000011 3
sxd 5 0.000011 3
aSa 5 0.000011 3
yhh 5 0.000011 3
llO 5 0.000011 3
qaa 5 0.000011 3
fvb 5 0.000011 3
bhb 5 0.000011 3
vgb 5 0.000011 3
sxs 5 0.000011 3
OKI 5 0.000011 3
okmj 5 0.000011 4
dcx 4 0.000009 3
Sere 4 0.000009 4
bgy 4 0.000009 3
WAS 4 0.000009 3
kookoo 4 0.000009 6
ewede 4 0.000009 5
rrrr 4 0.000009 4
nnnnnn 4 0.000009 6
gfg 4 0.000009 3
tyui 4 0.000009 4
wwwwww 4 0.000009 6
rfree 4 0.000009 5
jjn 4 0.000009 3
cdre 4 0.000009 4
ewse 4 0.000009 4
gyh 4 0.000009 3
freds 4 0.000009 5
Fres 4 0.000009 4
asdede 4 0.000009 6
SSE 4 0.000009 3
QWER 4 0.000009 4
uhy 4 0.000009 3
asew 4 0.000009 4
yyyy 4 0.000009 4
eddd 4 0.000009 4
hgb 4 0.000009 3
vcc 4 0.000009 3
ijkl 4 0.000009 4
rtty 4 0.000009 4
gfree 4 0.000009 5
tgg 4 0.000009 3
xxs 4 0.000009 3
fdc 4 0.000009 3
qqqqqqqq 4 0.000009 8
derre 4 0.000009 5
freee 4 0.000009 5
lpoo 4 0.000009 4
ccdd 4 0.000009 4
erewe 4 0.000009 5
ssass 4 0.000009 5
wwer 4 0.000009 4
asssw 4 0.000009 5
xxxxx 4 0.000009 5
eerd 4 0.000009 4
sassa 4 0.000009 5
desde 4 0.000009 5
redse 4 0.000009 5
ssssssss 4 0.000009 8
sasasa 4 0.000009 6
poiuy 4 0.000009 5
drr 4 0.000009 3
zsazsa 4 0.000009 6
dsz 4 0.000009 3
ttyy 4 0.000009 4
mnn 4 0.000009 3
oppl 4 0.000009 4
deR 4 0.000009 3
jnj 4 0.000009 3
seesaw 4 0.000009 6
eded 4 0.000009 4
sered 4 0.000009 5
wqa 4 0.000009 3
SED 4 0.000009 3
trr 4 0.000009 3
vgh 4 0.000009 3
koolki 4 0.000009 6
njij 4 0.000009 4
TREE 4 0.000009 4
sswa 4 0.000009 4
gft 4 0.000009 3
jiji 4 0.000009 4
OOP 4 0.000009 3
Aws 4 0.000009 3
uyh 4 0.000009 3
aaaaaaa 4 0.000009 7
ewee 4 0.000009 4
bbn 4 0.000009 3
ddddd 4 0.000009 5
njk 4 0.000009 3
oool 4 0.000009 4
gvb 4 0.000009 3
gggg 4 0.000009 4
seer 4 0.000009 4
mkmkmk 4 0.000009 6
rree 4 0.000009 4
ddre 4 0.000009 4
Zxc 4 0.000009 3
serd 4 0.000009 4
eress 4 0.000009 5
lolk 4 0.000009 4
OLO 4 0.000009 3
esed 4 0.000009 4
hhhhhh 4 0.000009 6
SES 4 0.000009 3
Pop 4 0.000009 3
sswee 4 0.000009 5
ASs 4 0.000009 3
ssee 4 0.000009 4
fdsa 4 0.000009 4
lokm 4 0.000009 4
qaq 4 0.000009 3
poiuytrewq 4 0.000009 10
sdre 4 0.000009 4
gtf 4 0.000009 3
ftt 4 0.000009 3
rdse 4 0.000009 4
okj 4 0.000009 3
ertree 4 0.000009 6
ijj 4 0.000009 3
eede 4 0.000009 4
edrew 4 0.000009 5
gvg 4 0.000009 3
sese 4 0.000009 4
pokk 4 0.000009 4
ujio 4 0.000009 4
saswa 4 0.000009 5
asere 4 0.000009 5
vcf 4 0.000009 3
zaza 4 0.000009 4
trew 4 0.000009 4
resse 4 0.000009 5
tfc 4 0.000009 3
azsxdc 4 0.000009 6
dxs 4 0.000009 3
yyt 4 0.000009 3
ewwa 4 0.000009 4
llop 4 0.000009 4
ppoi 4 0.000009 4
lkjhg 4 0.000009 5
ujj 4 0.000009 3
Yhu 4 0.000009 3
looo 4 0.000009 4
juy 4 0.000009 3
lloi 4 0.000009 4
dedd 4 0.000009 4
reee 4 0.000009 4
AZZ 4 0.000009 3
seres 4 0.000009 5
awawa 4 0.000009 5
ooko 4 0.000009 4
uhg 4 0.000009 3
Reed 4 0.000009 4
sawes 4 0.000009 5
reww 4 0.000009 4
eeses 4 0.000009 5
mkk 4 0.000009 3
eses 4 0.000009 4
UHY 4 0.000009 3
jjjjjjj 4 0.000009 7
ttyh 4 0.000009 4
bvb 4 0.000009 3
dcv 4 0.000009 3
wqq 4 0.000009 3
kokij 4 0.000009 5
zxs 4 0.000009 3
bvg 4 0.000009 3
Seed 4 0.000009 4
vvg 4 0.000009 3
Koko 4 0.000009 4
hjn 4 0.000009 3
tyghbn 4 0.000009 6
drewa 4 0.000009 5
xcd 4 0.000009 3
cvv 4 0.000009 3
plk 4 0.000009 3
hbn 4 0.000009 3
vbv 4 0.000009 3
rtress 4 0.000009 6
ggv 4 0.000009 3
uui 4 0.000009 3
ygt 4 0.000009 3
gyg 4 0.000009 3
yuy 4 0.000009 3
vgf 4 0.000009 3
vcx 4 0.000009 3
nhg 4 0.000009 3
bvf 4 0.000009 3
hhy 4 0.000009 3
xcc 4 0.000009 3
ddx 4 0.000009 3
hhg 4 0.000009 3
lpop 4 0.000009 4
vvc 4 0.000009 3
ytf 4 0.000009 3
MJK 4 0.000009 3
qqww 4 0.000009 4
ghjkl 4 0.000009 5
Asd 4 0.000009 3
aWa 4 0.000009 3
swed 3 0.000007 4
awaa 3 0.000007 4
esdr 3 0.000007 4
seeds 3 0.000007 5
redx 3 0.000007 4
vvb 3 0.000007 3
sasser 3 0.000007 6
ikoiko 3 0.000007 6
jhn 3 0.000007 3
njik 3 0.000007 4
lokk 3 0.000007 4
azzz 3 0.000007 4
xxxc 3 0.000007 4
vvvvvv 3 0.000007 6
reeder 3 0.000007 6
sded 3 0.000007 4
ESE 3 0.000007 3
gvf 3 0.000007 3
uhuh 3 0.000007 4
sees 3 0.000007 4
edew 3 0.000007 4
ccv 3 0.000007 3
SAS 3 0.000007 3
rdesses 3 0.000007 7
llok 3 0.000007 4
trewq 3 0.000007 5
deeds 3 0.000007 5
sws 3 0.000007 3
ytyu 3 0.000007 4
deerf 3 0.000007 5
opopop 3 0.000007 6
mmmmmmm 3 0.000007 7
erew 3 0.000007 4
Sass 3 0.000007 4
Derr 3 0.000007 4
eeeeeeee 3 0.000007 8
awee 3 0.000007 4
gYG 3 0.000007 3
lololo 3 0.000007 6
erred 3 0.000007 5
Sesa 3 0.000007 4
XXX 3 0.000007 3
llookk 3 0.000007 6
LLL 3 0.000007 3
drdr 3 0.000007 4
ERD 3 0.000007 3
polopolo 3 0.000007 8
IKI 3 0.000007 3
qazxswedc 3 0.000007 9
LoL 3 0.000007 3
gyH 3 0.000007 3
qaw 3 0.000007 3
pppppppp 3 0.000007 8
RES 3 0.000007 3
IOL 3 0.000007 3
bbgg 3 0.000007 4
ewsw 3 0.000007 4
ppop 3 0.000007 4
FRE 3 0.000007 3
lool 3 0.000007 4
dreww 3 0.000007 5
eesee 3 0.000007 5
zxzxzx 3 0.000007 6
erfre 3 0.000007 5
WEE 3 0.000007 3
rrty 3 0.000007 4
FREED 3 0.000007 5
Qwert 3 0.000007 5
ioko 3 0.000007 4
Saa 3 0.000007 3
ertt 3 0.000007 4
eeswa 3 0.000007 5
YhU 3 0.000007 3
rerere 3 0.000007 6
AZa 3 0.000007 3
YYY 3 0.000007 3
gvc 3 0.000007 3
EESE 3 0.000007 4
ESA 3 0.000007 3
TRE 3 0.000007 3
ijko 3 0.000007 4
ttty 3 0.000007 4
reE 3 0.000007 3
wewe 3 0.000007 4
redes 3 0.000007 5
kikiki 3 0.000007 6
tttttttt 3 0.000007 8
wees 3 0.000007 4
jjkk 3 0.000007 4
WEED 3 0.000007 4
kloo 3 0.000007 4
awaz 3 0.000007 4
Kkm 3 0.000007 3
rddr 3 0.000007 4
mnbvcx 3 0.000007 6
jkj 3 0.000007 3
LpL 3 0.000007 3
FREDD 3 0.000007 5
azzzz 3 0.000007 5
uyy 3 0.000007 3
eseed 3 0.000007 5
zasa 3 0.000007 4
Popp 3 0.000007 4
Tree 3 0.000007 4
vgt 3 0.000007 3
bbbbb 3 0.000007 5
zass 3 0.000007 4
rrrrr 3 0.000007 5
wsd 3 0.000007 3
ikkij 3 0.000007 5
gtree 3 0.000007 5
freewe 3 0.000007 6
jjjjj 3 0.000007 5
ASE 3 0.000007 3
szz 3 0.000007 3
lkk 3 0.000007 3
gtt 3 0.000007 3
polop 3 0.000007 5
ygb 3 0.000007 3
erF 3 0.000007 3
ffffff 3 0.000007 6
jkjkjk 3 0.000007 6
ikkl 3 0.000007 4
desertr 3 0.000007 7
azzs 3 0.000007 4
FRED 3 0.000007 4
ssz 3 0.000007 3
qawsedrf 3 0.000007 8
llol 3 0.000007 4
eewa 3 0.000007 4
wassaw 3 0.000007 6
eressa 3 0.000007 6
sasse 3 0.000007 5
xxxz 3 0.000007 4
nhyt 3 0.000007 4
okikoki 3 0.000007 7
freer 3 0.000007 5
tyty 3 0.000007 4
MNM 3 0.000007 3
aqwa 3 0.000007 4
qwes 3 0.000007 4
ttttttt 3 0.000007 7
aQa 3 0.000007 3
jnm 3 0.000007 3
errr 3 0.000007 4
fftr 3 0.000007 4
xdf 3 0.000007 3
asww 3 0.000007 4
oolk 3 0.000007 4
asddsa 3 0.000007 6
Eds 3 0.000007 3
kkkkkkkk 3 0.000007 8
poloiuy 3 0.000007 7
Asa 3 0.000007 3
dedede 3 0.000007 6
mmki 3 0.000007 4
gfre 3 0.000007 4
ewswee 3 0.000007 6
okol 3 0.000007 4
wese 3 0.000007 4
wws 3 0.000007 3
asaw 3 0.000007 4
EES 3 0.000007 3
kokokoko 3 0.000007 8
kiji 3 0.000007 4
edse 3 0.000007 4
LOL 3 0.000007 3
llpl 3 0.000007 4
tfv 3 0.000007 3
eess 3 0.000007 4
ikkii 3 0.000007 5
uiko 3 0.000007 4
azsx 3 0.000007 4
zawa 3 0.000007 4
bgf 3 0.000007 3
POI 3 0.000007 3
fgy 3 0.000007 3
tFr 3 0.000007 3
ERTY 3 0.000007 4
Jui 3 0.000007 3
aaaaaaaaaa 3 0.000007 10
popopopo 3 0.000007 8
qwqwqwqw 3 0.000007 8
NJI 3 0.000007 3
AAA 3 0.000007 3
xdc 3 0.000007 3
xss 3 0.000007 3
gvv 3 0.000007 3
seesee 3 0.000007 6
vcv 3 0.000007 3
EwE 3 0.000007 3
Qwer 3 0.000007 4
RESS 3 0.000007 4
azas 3 0.000007 4
LLp 3 0.000007 3
vfr 3 0.000007 3
ploi 3 0.000007 4
Hyu 3 0.000007 3
llllllll 3 0.000007 8
QWer 3 0.000007 4
Iol 3 0.000007 3
MMM 3 0.000007 3
Loll 3 0.000007 4
LOO 3 0.000007 3
Weed 3 0.000007 4
fdx 3 0.000007 3
lololol 3 0.000007 7
RedR 3 0.000007 4
REDS 3 0.000007 4
qwq 3 0.000007 3
rrer 3 0.000007 4
fvg 3 0.000007 3
szs 3 0.000007 3
tRe 3 0.000007 3
Fredd 3 0.000007 5
ccx 3 0.000007 3
fcd 3 0.000007 3
uuj 3 0.000007 3
cxd 3 0.000007 3
ygv 3 0.000007 3
bgg 3 0.000007 3
dswa 3 0.000007 4
ederer 3 0.000007 6
cddc 3 0.000007 4
werr 3 0.000007 4
qqaazz 3 0.000007 6
aaaazzzz 3 0.000007 8
qwertyt 3 0.000007 7
rfcf 3 0.000007 4
SWA 3 0.000007 3
eWE 3 0.000007 3
ewA 3 0.000007 3
aaA 3 0.000007 3
eWA 3 0.000007 3
sSa 3 0.000007 3
Ses 3 0.000007 3
cxc 3 0.000007 3
weeds 3 0.000007 5
sxx 3 0.000007 3
ddert 3 0.000007 5
cdes 3 0.000007 4
NnN 3 0.000007 3
Pooki 3 0.000007 5
eeR 3 0.000007 3
ereresdf 3 0.000007 8
yuio 3 0.000007 4
Pook 3 0.000007 4
ZAQ 3 0.000007 3
klklkl 3 0.000007 6
huhu 3 0.000007 4
ereed 3 0.000007 5
mkopl 3 0.000007 5
okolo 3 0.000007 5
eWa 3 0.000007 3
desss 3 0.000007 5
qweszxc 3 0.000007 7
tGb 3 0.000007 3
uHY 2 0.000004 3
gfred 2 0.000004 5
pollop 2 0.000004 6
mkjmkj 2 0.000004 6
oolllll 2 0.000004 7
kokok 2 0.000004 5
jjkl 2 0.000004 4
wAW 2 0.000004 3
eeed 2 0.000004 4
ttttt 2 0.000004 5
REd 2 0.000004 3
swss 2 0.000004 4
dsX 2 0.000004 3
POP 2 0.000004 3
qweer 2 0.000004 5
saS 2 0.000004 3
yuyu 2 0.000004 4
trdc 2 0.000004 4
rderd 2 0.000004 5
asasasas 2 0.000004 8
fdes 2 0.000004 4
cDe 2 0.000004 3
sewe 2 0.000004 4
JNM 2 0.000004 3
dseed 2 0.000004 5
nmki 2 0.000004 4
drdd 2 0.000004 4
zzazz 2 0.000004 5
eswee 2 0.000004 5
eSs 2 0.000004 3
MMN 2 0.000004 3
dreddd 2 0.000004 6
cccccc 2 0.000004 6
MNj 2 0.000004 3
essess 2 0.000004 6
rtree 2 0.000004 5
waswere 2 0.000004 7
BHB 2 0.000004 3
GHU 2 0.000004 3
fghjkl 2 0.000004 6
mmmmmmmm 2 0.000004 8
gggggggg 2 0.000004 8
IKK 2 0.000004 3
redre 2 0.000004 5
dsee 2 0.000004 4
popolo 2 0.000004 6
sasza 2 0.000004 5
Trd 2 0.000004 3
jmjk 2 0.000004 4
sedc 2 0.000004 4
gghu 2 0.000004 4
deew 2 0.000004 4
ERESA 2 0.000004 5
sawee 2 0.000004 5
dfgv 2 0.000004 4
derfvc 2 0.000004 6
RDC 2 0.000004 3
jnmn 2 0.000004 4
edds 2 0.000004 4
uytr 2 0.000004 4
eredd 2 0.000004 5
zaaa 2 0.000004 4
dedr 2 0.000004 4
eSa 2 0.000004 3
SDC 2 0.000004 3
tttttt 2 0.000004 6
zazz 2 0.000004 4
EsE 2 0.000004 3
sssa 2 0.000004 4
rered 2 0.000004 5
hjkl 2 0.000004 4
HNN 2 0.000004 3
kiok 2 0.000004 4
jklo 2 0.000004 4
ddessa 2 0.000004 6
nnnnn 2 0.000004 5
ttrf 2 0.000004 4
eesed 2 0.000004 5
yGY 2 0.000004 3
qaza 2 0.000004 4
DERE 2 0.000004 4
swes 2 0.000004 4
wesd 2 0.000004 4
jiki 2 0.000004 4
sedr 2 0.000004 4
uHu 2 0.000004 3
weds 2 0.000004 4
ollop 2 0.000004 5
SSW 2 0.000004 3
Awa 2 0.000004 3
asA 2 0.000004 3
ookj 2 0.000004 4
QAW 2 0.000004 3
Kik 2 0.000004 3
awss 2 0.000004 4
dswe 2 0.000004 4
bbgt 2 0.000004 4
deeder 2 0.000004 6
rderer 2 0.000004 6
eeser 2 0.000004 5
ASZ 2 0.000004 3
aWs 2 0.000004 3
rfred 2 0.000004 5
ploplop 2 0.000004 7
iiu 2 0.000004 3
Oll 2 0.000004 3
RDF 2 0.000004 3
yTree 2 0.000004 5
Look 2 0.000004 4
ssassa 2 0.000004 6
njikij 2 0.000004 6
Tyt 2 0.000004 3
BHU 2 0.000004 3
assas 2 0.000004 5
sewer 2 0.000004 5
ttree 2 0.000004 5
mkji 2 0.000004 4
Zaa 2 0.000004 3
ewedd 2 0.000004 5
vbh 2 0.000004 3
zxcvvcxz 2 0.000004 8
rdsz 2 0.000004 4
Dewe 2 0.000004 4
xsz 2 0.000004 3
KLO 2 0.000004 3
YHU 2 0.000004 3
ssde 2 0.000004 4
TrD 2 0.000004 3
rtrtrtrt 2 0.000004 8
weew 2 0.000004 4
freese 2 0.000004 6
vbbv 2 0.000004 4
EWS 2 0.000004 3
ssA 2 0.000004 3
cvf 2 0.000004 3
UhY 2 0.000004 3
sdes 2 0.000004 4
Awes 2 0.000004 4
oLL 2 0.000004 3
drewsa 2 0.000004 6
edsa 2 0.000004 4
zserfv 2 0.000004 6
eerr 2 0.000004 4
zxzxzxzx 2 0.000004 8
loopoo 2 0.000004 6
ESde 2 0.000004 4
jmjh 2 0.000004 4
edde 2 0.000004 4
Loki 2 0.000004 4
kLo 2 0.000004 3
Redc 2 0.000004 4
erR 2 0.000004 3
kookkook 2 0.000004 8
lpp 2 0.000004 3
YGV 2 0.000004 3
CCC 2 0.000004 3
Uuu 2 0.000004 3
rrdr 2 0.000004 4
yyyyy 2 0.000004 5
erees 2 0.000004 5
ttyyy 2 0.000004 5
ggggg 2 0.000004 5
OOKL 2 0.000004 4
KMN 2 0.000004 3
huuh 2 0.000004 4
xxxccc 2 0.000004 6
zzsaw 2 0.000004 5
RESE 2 0.000004 4
iiuu 2 0.000004 4
xcvbnm 2 0.000004 6
polki 2 0.000004 5
weres 2 0.000004 5
lollollollol 2 0.000004 12
ASSw 2 0.000004 4
Wer 2 0.000004 3
qwertyy 2 0.000004 7
dressa 2 0.000004 6
deded 2 0.000004 5
eSA 2 0.000004 3
eeres 2 0.000004 5
UJI 2 0.000004 3
poopoopoo 2 0.000004 9
tytr 2 0.000004 4
pokolo 2 0.000004 6
xsde 2 0.000004 4
saww 2 0.000004 4
ddse 2 0.000004 4
iiiii 2 0.000004 5
looi 2 0.000004 4
ooloo 2 0.000004 5
ujju 2 0.000004 4
eewe 2 0.000004 4
mkmk 2 0.000004 4
rddd 2 0.000004 4
nmnmnm 2 0.000004 6
mmmnnn 2 0.000004 6
ttyu 2 0.000004 4
asees 2 0.000004 5
ppoo 2 0.000004 4
bbbbbbbb 2 0.000004 8
lolololo 2 0.000004 8
ppol 2 0.000004 4
drewwa 2 0.000004 6
yyu 2 0.000004 3
hghn 2 0.000004 4
weee 2 0.000004 4
ewaq 2 0.000004 4
qwertyuio 2 0.000004 9
drty 2 0.000004 4
awaw 2 0.000004 4
sasesa 2 0.000004 6
ftree 2 0.000004 5
opoop 2 0.000004 5
dxx 2 0.000004 3
dfree 2 0.000004 5
Plo 2 0.000004 3
qas 2 0.000004 3
Nju 2 0.000004 3
kloi 2 0.000004 4
azawa 2 0.000004 5
drdrew 2 0.000004 6
rrrrrrr 2 0.000004 7
lloopp 2 0.000004 6
ggt 2 0.000004 3
qazxc 2 0.000004 5
ggyt 2 0.000004 4
ooool 2 0.000004 5
ddsd 2 0.000004 4
tfd 2 0.000004 3
drde 2 0.000004 4
redredred 2 0.000004 9
zAq 2 0.000004 3
zaqwsx 2 0.000004 6
jnb 2 0.000004 3
wewewe 2 0.000004 6
olloi 2 0.000004 5
jkkj 2 0.000004 4
mnbv 2 0.000004 4
dddx 2 0.000004 4
sasese 2 0.000004 6
eees 2 0.000004 4
assss 2 0.000004 5
waswas 2 0.000004 6
pplp 2 0.000004 4
seee 2 0.000004 4
xcvb 2 0.000004 4
AWe 2 0.000004 3
fredderf 2 0.000004 8
redsa 2 0.000004 5
ploki 2 0.000004 5
jikk 2 0.000004 4
sxz 2 0.000004 3
mnbvc 2 0.000004 5
dfgh 2 0.000004 4
zaw 2 0.000004 3
azaz 2 0.000004 4
ddss 2 0.000004 4
oiio 2 0.000004 4
bbbbbbb 2 0.000004 7
azsa 2 0.000004 4
nnnnnnnn 2 0.000004 8
lkjhgfdsa 2 0.000004 9
llool 2 0.000004 5
hgfdsa 2 0.000004 6
ghuy 2 0.000004 4
zazsxsxd 2 0.000004 8
rdrd 2 0.000004 4
iiki 2 0.000004 4
sedd 2 0.000004 4
eedcc 2 0.000004 5
ssse 2 0.000004 4
kooo 2 0.000004 4
Esa 2 0.000004 3
qwqw 2 0.000004 4
aqwe 2 0.000004 4
rdsw 2 0.000004 4
erdre 2 0.000004 5
erree 2 0.000004 5
eedsa 2 0.000004 5
pooll 2 0.000004 5
vfg 2 0.000004 3
bbnjuy 2 0.000004 6
asasa 2 0.000004 5
pplo 2 0.000004 4
iopp 2 0.000004 4
juH 2 0.000004 3
fredsa 2 0.000004 6
AsA 2 0.000004 3
rdD 2 0.000004 3
oopp 2 0.000004 4
oloo 2 0.000004 4
aaas 2 0.000004 4
asdsa 2 0.000004 5
SERE 2 0.000004 4
ioki 2 0.000004 4
dSa 2 0.000004 3
Sew 2 0.000004 3
SsS 2 0.000004 3
EESA 2 0.000004 4
poppl 2 0.000004 5
RRE 2 0.000004 3
ggtt 2 0.000004 4
juuh 2 0.000004 4
Ase 2 0.000004 3
kikik 2 0.000004 5
ewS 2 0.000004 3
lLo 2 0.000004 3
tGg 2 0.000004 3
qaqaqa 2 0.000004 6
llooo 2 0.000004 5
resses 2 0.000004 6
lokj 2 0.000004 4
eRe 2 0.000004 3
mkmm 2 0.000004 4
eeer 2 0.000004 4
rfre 2 0.000004 4
seedss 2 0.000004 6
ookoo 2 0.000004 5
essS 2 0.000004 4
LlO 2 0.000004 3
fddf 2 0.000004 4
ikkm 2 0.000004 4
werdr 2 0.000004 5
eedd 2 0.000004 4
ereds 2 0.000004 5
cdx 2 0.000004 3
hujj 2 0.000004 4
wawaw 2 0.000004 5
edfr 2 0.000004 4
POOL 2 0.000004 4
iiiiii 2 0.000004 6
oppo 2 0.000004 4
FFgh 2 0.000004 4
POOP 2 0.000004 4
Wed 2 0.000004 3
hyG 2 0.000004 3
PLO 2 0.000004 3
WSX 2 0.000004 3
dffd 2 0.000004 4
REW 2 0.000004 3
ijii 2 0.000004 4
Klo 2 0.000004 3
hnmm 2 0.000004 4
Ese 2 0.000004 3
bghb 2 0.000004 4
DDE 2 0.000004 3
aSS 2 0.000004 3
ijnh 2 0.000004 4
dcdc 2 0.000004 4
Huy 2 0.000004 3
TYU 2 0.000004 3
sweed 2 0.000004 5
fffff 2 0.000004 5
kjkk 2 0.000004 4
SsA 2 0.000004 3
erdfcv 2 0.000004 6
jNh 2 0.000004 3
swsee 2 0.000004 5
nnB 2 0.000004 3
Asdfghjkl 2 0.000004 9
qwqwqw 2 0.000004 6
Rede 2 0.000004 4
cdfg 2 0.000004 4
llpoi 2 0.000004 5
SAW 2 0.000004 3
OPL 2 0.000004 3
fdre 2 0.000004 4
waaaaa 2 0.000004 6
awesw 2 0.000004 5
bnmmnh 2 0.000004 6
ERRE 2 0.000004 4
rTre 2 0.000004 4
rdds 2 0.000004 4
qqwweerrttyy 2 0.000004 12
AaAaAa 2 0.000004 6
szx 2 0.000004 3
NJU 2 0.000004 3
Yuu 2 0.000004 3
vvf 2 0.000004 3
xdx 2 0.000004 3
kmnj 2 0.000004 4
kooi 2 0.000004 4
vgfv 2 0.000004 4
nhjn 2 0.000004 4
aWq 2 0.000004 3
njjj 2 0.000004 4
olko 2 0.000004 4
mNB 2 0.000004 3
yygb 2 0.000004 4
ddfd 2 0.000004 4
Zxcvbnm 2 0.000004 7
oLo 2 0.000004 3
cvbn 2 0.000004 4
seR 2 0.000004 3
qwerfv 2 0.000004 6
oiuu 2 0.000004 4
deE 2 0.000004 3
dxd 2 0.000004 3
waqa 2 0.000004 4
nnju 2 0.000004 4
wsX 2 0.000004 3
lolol 2 0.000004 5
EDC 2 0.000004 3
swaz 2 0.000004 4
sssaaa 2 0.000004 6
wwww 2 0.000004 4
asdc 2 0.000004 4
ploop 2 0.000004 5
DSA 2 0.000004 3
DDESS 2 0.000004 5
okij 2 0.000004 4
wertr 2 0.000004 5
dffg 2 0.000004 4
aaaaaaaaaaaa 2 0.000004 12
ewasd 2 0.000004 5
reweed 2 0.000004 6
OPO 2 0.000004 3
fvv 2 0.000004 3
desd 2 0.000004 4
hbnm 2 0.000004 4
Juj 2 0.000004 3
ffdd 2 0.000004 4
ZXCVBNM 2 0.000004 7
iuh 2 0.000004 3
wsz 2 0.000004 3
aswq 2 0.000004 4
zxz 2 0.000004 3
assert 2 0.000004 6
jjjn 2 0.000004 4
qqa 2 0.000004 3
xcx 2 0.000004 3
gfv 2 0.000004 3
AZA 2 0.000004 3
ftrf 2 0.000004 4
zsz 2 0.000004 3
xzs 2 0.000004 3
gbv 2 0.000004 3
awA 2 0.000004 3
esssa 2 0.000004 5
ygty 2 0.000004 4
aWE 2 0.000004 3
sxxz 2 0.000004 4
bnjh 2 0.000004 4
ffv 2 0.000004 3
xcf 2 0.000004 3
qazse 2 0.000004 5
tgv 2 0.000004 3
qww 2 0.000004 3
xxz 2 0.000004 3
uuy 2 0.000004 3
bvccf 2 0.000004 5
oPL 2 0.000004 3
AQa 2 0.000004 3
vvvv 2 0.000004 4
bggg 2 0.000004 4
hhui 2 0.000004 4
SSS 2 0.000004 3
Bbb 2 0.000004 3
xzz 2 0.000004 3
dxc 2 0.000004 3
ujn 2 0.000004 3
essA 2 0.000004 4
ghju 2 0.000004 4
hnji 2 0.000004 4
ccfg 2 0.000004 4
oPolo 2 0.000004 5
assx 2 0.000004 4
oio 2 0.000004 3
bgv 2 0.000004 3
koplop 2 0.000004 6
gbhy 2 0.000004 4
qQA 2 0.000004 3
gfc 2 0.000004 3
zzaz 2 0.000004 4
yhY 2 0.000004 3
fvf 2 0.000004 3
yGy 2 0.000004 3
esza 2 0.000004 4
klk 2 0.000004 3
dEr 2 0.000004 3
Aza 2 0.000004 3
GGG 2 0.000004 3
ccxd 2 0.000004 4
huik 2 0.000004 4
bhh 2 0.000004 3
cdrf 2 0.000004 4
JuH 2 0.000004 3
reD 2 0.000004 3
wqwe 2 0.000004 4
ASDF 2 0.000004 4
sweee 2 0.000004 5
uiu 2 0.000004 3
rdS 2 0.000004 3
JUy 2 0.000004 3
ttrt 2 0.000004 4
PPO 2 0.000004 3
polkmn 2 0.000004 6
HJJ 2 0.000004 3
frederf 2 0.000004 7
KKK 2 0.000004 3
sEW 2 0.000004 3
asdewq 2 0.000004 6
waqasa 2 0.000004 6
fcv 2 0.000004 3
ssws 2 0.000004 4
nnhgt 2 0.000004 5
koolkool 2 0.000004 8
ddedd 2 0.000004 5
derer 2 0.000004 5
ghghgh 2 0.000004 6
uhY 2 0.000004 3
kjjn 2 0.000004 4
fcdx 2 0.000004 4
iuyu 2 0.000004 4
ggfr 2 0.000004 4
xxxza 2 0.000004 5
KOOL 2 0.000004 4
lpool 2 0.000004 5
aWe 2 0.000004 3
JKL 2 0.000004 3
TfVC 2 0.000004 4
erTT 2 0.000004 4
Saz 2 0.000004 3
xcxc 2 0.000004 4
Dresde 2 0.000004 6
fdxc 2 0.000004 4
tFree 2 0.000004 5
kmkm 2 0.000004 4
aase 2 0.000004 4
Zaq 2 0.000004 3
ikop 2 0.000004 4
asD 2 0.000004 3
oiki 2 0.000004 4
wqA 2 0.000004 3
jkool 2 0.000004 5
assdf 2 0.000004 5
HYG 2 0.000004 3
nhnjmm 2 0.000004 6
yYy 2 0.000004 3
llkj 2 0.000004 4
ZXC 2 0.000004 3
lolp 2 0.000004 4
Olp 2 0.000004 3
EWA 2 0.000004 3
olkm 2 0.000004 4
iklop 2 0.000004 5
njio 2 0.000004 4
sdee 2 0.000004 4
bhnb 2 0.000004 4
deswe 2 0.000004 5
erRe 2 0.000004 4
lollo 2 0.000004 5
gGy 2 0.000004 3
RrE 2 0.000004 3
aZZ 2 0.000004 3
aassaa 2 0.000004 6
Hyh 2 0.000004 3
Kiko 2 0.000004 4
RedF 2 0.000004 4
ZZA 2 0.000004 3
oplo 2 0.000004 4
NbN 2 0.000004 3
plki 2 0.000004 4
Swe 2 0.000004 3
ikolok 2 0.000004 6
fghn 2 0.000004 4
mJu 2 0.000004 3
ffde 2 0.000004 4
LKI 2 0.000004 3
ewewe 2 0.000004 5
ioL 2 0.000004 3
Mmmmmmmmm 2 0.000004 9
erdees 2 0.000004 6
asaz 2 0.000004 4
lollollol 2 0.000004 9
pokl 2 0.000004 4
HHy 2 0.000004 3
dresd 2 0.000004 5
Iki 2 0.000004 3
Mnbvcxz 2 0.000004 7
dsds 2 0.000004 4
gBB 2 0.000004 3
CDe 2 0.000004 3
Qwedsa 2 0.000004 6
edess 2 0.000004 5
koplo 2 0.000004 5
ghjnj 2 0.000004 5
Werty 2 0.000004 5
deS 2 0.000004 3
Dfgy 2 0.000004 4
iujn 2 0.000004 4
SAs 2 0.000004 3
eWe 2 0.000004 3
MKL 1 0.000002 3
freeee 1 0.000002 6
eresaz 1 0.000002 6
JUI 1 0.000002 3
cfft 1 0.000002 4
ftre 1 0.000002 4
ddddcccc 1 0.000002 8
HHHHHH 1 0.000002 6
olopl 1 0.000002 5
mkmn 1 0.000002 4
popoki 1 0.000002 6
UHN 1 0.000002 3
sedf 1 0.000002 4
vfv 1 0.000002 3
TrE 1 0.000002 3
kKi 1 0.000002 3
TYGYh 1 0.000002 5
nhjm 1 0.000002 4
okokokok 1 0.000002 8
awsdc 1 0.000002 5
wasse 1 0.000002 5
gbgbgb 1 0.000002 6
loplop 1 0.000002 6
lolololol 1 0.000002 9
aassw 1 0.000002 5
PPOLO 1 0.000002 5
oKi 1 0.000002 3
IKJ 1 0.000002 3
dredf 1 0.000002 5
zaqwed 1 0.000002 6
UIK 1 0.000002 3
tghb 1 0.000002 4
Swede 1 0.000002 5
CDC 1 0.000002 3
esserer 1 0.000002 7
deser 1 0.000002 5
uHUyY 1 0.000002 5
TRF 1 0.000002 3
dfgt 1 0.000002 4
KOLO 1 0.000002 4
RTY 1 0.000002 3
dsW 1 0.000002 3
huju 1 0.000002 4
aazzz 1 0.000002 5
ollp 1 0.000002 4
poopl 1 0.000002 5
ddddddd 1 0.000002 7
ASDFGH 1 0.000002 6
Ploplo 1 0.000002 6
Cxxs 1 0.000002 4
ttytr 1 0.000002 5
HuJ 1 0.000002 3
deewa 1 0.000002 5
asese 1 0.000002 5
erff 1 0.000002 4
bhju 1 0.000002 4
ZAZ 1 0.000002 3
HHH 1 0.000002 3
Qwertyuiop 1 0.000002 10
edSS 1 0.000002 4
AzAs 1 0.000002 4
wasawasa 1 0.000002 8
olooki 1 0.000002 6
qwertty 1 0.000002 7
EWE 1 0.000002 3
lplo 1 0.000002 4
YGY 1 0.000002 3
cdccd 1 0.000002 5
iuhn 1 0.000002 4
xzaweds 1 0.000002 7
jikl 1 0.000002 4
REESE 1 0.000002 5
TYT 1 0.000002 3
ijjiijji 1 0.000002 8
ijuyg 1 0.000002 5
juujuu 1 0.000002 6
aQw 1 0.000002 3
asert 1 0.000002 5
dsdsds 1 0.000002 6
nNb 1 0.000002 3
esDe 1 0.000002 4
Rese 1 0.000002 4
tredee 1 0.000002 6
sessa 1 0.000002 5
gyHy 1 0.000002 4
rfgh 1 0.000002 4
szasza 1 0.000002 6
wSa 1 0.000002 3
ikoiki 1 0.000002 6
sdseds 1 0.000002 6
MMMm 1 0.000002 4
SWw 1 0.000002 3
ololop 1 0.000002 6
jjjk 1 0.000002 4
ERr 1 0.000002 3
vccc 1 0.000002 4
jjkj 1 0.000002 4
ttreed 1 0.000002 6
fGhB 1 0.000002 4
llollo 1 0.000002 6
fredf 1 0.000002 5
assassass 1 0.000002 9
asxdfgh 1 0.000002 7
NNh 1 0.000002 3
yUjUh 1 0.000002 5
deeres 1 0.000002 6
ertyui 1 0.000002 6
Koo 1 0.000002 3
jnjnj 1 0.000002 5
OKKKOOL 1 0.000002 7
kkko 1 0.000002 4
QWASzx 1 0.000002 6
KIKI 1 0.000002 4
dccc 1 0.000002 4
rdesa 1 0.000002 5
hnnju 1 0.000002 5
sesese 1 0.000002 6
dessert 1 0.000002 7
DERT 1 0.000002 4
ewE 1 0.000002 3
tresse 1 0.000002 6
koolook 1 0.000002 7
aSs 1 0.000002 3
azzas 1 0.000002 5
seeder 1 0.000002 6
werds 1 0.000002 5
llpop 1 0.000002 5
AWSwewe 1 0.000002 7
ghjk 1 0.000002 4
hYY 1 0.000002 3
eerf 1 0.000002 4
UYY 1 0.000002 3
bBb 1 0.000002 3
rdde 1 0.000002 4
REWS 1 0.000002 4
ijio 1 0.000002 4
PoPP 1 0.000002 4
ffrd 1 0.000002 4
Llo 1 0.000002 3
treeee 1 0.000002 6
eDee 1 0.000002 4
polopo 1 0.000002 6
ESD 1 0.000002 3
qqwweerr 1 0.000002 8
Koop 1 0.000002 4
sEE 1 0.000002 3
qazasd 1 0.000002 6
ZZZZZZ 1 0.000002 6
lKi 1 0.000002 3
ooook 1 0.000002 5
rrtf 1 0.000002 4
DEw 1 0.000002 3
mmjj 1 0.000002 4
plplpl 1 0.000002 6
aaW 1 0.000002 3
ygft 1 0.000002 4
koijh 1 0.000002 5
tYG 1 0.000002 3
FREDF 1 0.000002 5
reDD 1 0.000002 4
jjjm 1 0.000002 4
FREER 1 0.000002 5
wsaz 1 0.000002 4
eRRe 1 0.000002 4
Vff 1 0.000002 3
WEDF 1 0.000002 4
mKmJ 1 0.000002 4
FDFD 1 0.000002 4
LPoll 1 0.000002 5
ASdse 1 0.000002 5
AsE 1 0.000002 3
nhhuu 1 0.000002 5
rtgt 1 0.000002 4
Poopoo 1 0.000002 6
cdccc 1 0.000002 5
cFr 1 0.000002 3
rdses 1 0.000002 5
zxcdsa 1 0.000002 6
kookl 1 0.000002 5
SzS 1 0.000002 3
AZX 1 0.000002 3
kikio 1 0.000002 5
rfgb 1 0.000002 4
jjuu 1 0.000002 4
zsaw 1 0.000002 4
wertree 1 0.000002 7
eesaa 1 0.000002 5
dxdxdx 1 0.000002 6
Azs 1 0.000002 3
jkkkkkkj 1 0.000002 8
awassee 1 0.000002 7
rewsw 1 0.000002 5
fgG 1 0.000002 3
esW 1 0.000002 3
qQq 1 0.000002 3
rdxx 1 0.000002 4
kkio 1 0.000002 4
opook 1 0.000002 5
uHg 1 0.000002 3
aQAQ 1 0.000002 4
LOPLOP 1 0.000002 6
saW 1 0.000002 3
wewed 1 0.000002 5
kjmm 1 0.000002 4
BvB 1 0.000002 3
poik 1 0.000002 4
KOk 1 0.000002 3
POOK 1 0.000002 4
tyG 1 0.000002 3
YGy 1 0.000002 3
asxxx 1 0.000002 5
jnjjh 1 0.000002 5
yggv 1 0.000002 4
AAAAAAAA 1 0.000002 8
TREES 1 0.000002 5
edeerr 1 0.000002 6
frew 1 0.000002 4
iuioi 1 0.000002 5
WEDD 1 0.000002 4
Poki 1 0.000002 4
drre 1 0.000002 4
bvfd 1 0.000002 4
rreS 1 0.000002 4
awsedrft 1 0.000002 8
Yui 1 0.000002 3
ikoll 1 0.000002 5
ddfr 1 0.000002 4
eedse 1 0.000002 5
gbvb 1 0.000002 4
Poiuyt 1 0.000002 6
mnbVBNM 1 0.000002 7
asaaz 1 0.000002 5
ertty 1 0.000002 5
kikoi 1 0.000002 5
kmkmkm 1 0.000002 6
Ikko 1 0.000002 4
PloI 1 0.000002 4
Wass 1 0.000002 4
IolloI 1 0.000002 6
dfvgbh 1 0.000002 6
Xxz 1 0.000002 3
fcff 1 0.000002 4
wweree 1 0.000002 6
ikkki 1 0.000002 5
ffty 1 0.000002 4
dredr 1 0.000002 5
juii 1 0.000002 4
awsee 1 0.000002 5
jkjk 1 0.000002 4
asaq 1 0.000002 4
DDF 1 0.000002 3
sssA 1 0.000002 4
aassee 1 0.000002 6
SSD 1 0.000002 3
ikkik 1 0.000002 5
rdE 1 0.000002 3
REDC 1 0.000002 4
WAZZ 1 0.000002 4
lklo 1 0.000002 4
NHyt 1 0.000002 4
KOKOLO 1 0.000002 6
pllp 1 0.000002 4
sES 1 0.000002 3
ewsa 1 0.000002 4
kllkkllk 1 0.000002 8
IKKO 1 0.000002 4
jhgf 1 0.000002 4
ededE 1 0.000002 5
qwerdf 1 0.000002 6
EDSA 1 0.000002 4
llkl 1 0.000002 4
tfgh 1 0.000002 4
ERe 1 0.000002 3
serty 1 0.000002 5
nbgbh 1 0.000002 5
EED 1 0.000002 3
dFV 1 0.000002 3
eresse 1 0.000002 6
zAz 1 0.000002 3
nbvcxz 1 0.000002 6
EDES 1 0.000002 4
AAAaaa 1 0.000002 6
ikkol 1 0.000002 5
juji 1 0.000002 4
wasE 1 0.000002 4
ttgf 1 0.000002 4
ereswa 1 0.000002 6
OOOO 1 0.000002 4
ooii 1 0.000002 4
kiklop 1 0.000002 6
gHu 1 0.000002 3
njmk 1 0.000002 4
hnjh 1 0.000002 4
zzxxccvv 1 0.000002 8
ertre 1 0.000002 5
esass 1 0.000002 5
hjhy 1 0.000002 4
IJN 1 0.000002 3
olL 1 0.000002 3
asass 1 0.000002 5
nhgh 1 0.000002 4
mjjj 1 0.000002 4
mnjhuy 1 0.000002 6
iklp 1 0.000002 4
iklpoo 1 0.000002 6
Kmn 1 0.000002 3
qqqqqqqqqq 1 0.000002 10
Uiiiji 1 0.000002 6
wsxxsw 1 0.000002 6
hhhhb 1 0.000002 5
wasde 1 0.000002 5
hyhb 1 0.000002 4
Aqa 1 0.000002 3
edrtt 1 0.000002 5
ikoop 1 0.000002 5
freddr 1 0.000002 6
lolpl 1 0.000002 5
gfgggf 1 0.000002 6
hnbh 1 0.000002 4
qazxcv 1 0.000002 6
zaazaa 1 0.000002 6
ZAWE 1 0.000002 4
poopoop 1 0.000002 7
fFc 1 0.000002 3
ssees 1 0.000002 5
weder 1 0.000002 5
fder 1 0.000002 4
eDe 1 0.000002 3
GHB 1 0.000002 3
sesw 1 0.000002 4
DDDDDDDD 1 0.000002 8
cfree 1 0.000002 5
LLPo 1 0.000002 4
pppP 1 0.000002 4
ujiok 1 0.000002 5
iioo 1 0.000002 4
qazsx 1 0.000002 5
plop 1 0.000002 4
REDRE 1 0.000002 5
dsaw 1 0.000002 4
NNM 1 0.000002 3
dcdcdcdc 1 0.000002 8
kkik 1 0.000002 4
yuuji 1 0.000002 5
kllo 1 0.000002 4
pLo 1 0.000002 3
jkjjn 1 0.000002 5
poppol 1 0.000002 6
POIUYTR 1 0.000002 7
ffreed 1 0.000002 6
jiko 1 0.000002 4
jkok 1 0.000002 4
aZa 1 0.000002 3
zxcvcxz 1 0.000002 7
esssaw 1 0.000002 6
oklo 1 0.000002 4
SESA 1 0.000002 4
essas 1 0.000002 5
ooKi 1 0.000002 4
Koki 1 0.000002 4
SEW 1 0.000002 3
LLP 1 0.000002 3
assde 1 0.000002 5
iuiu 1 0.000002 4
awewe 1 0.000002 5
dresa 1 0.000002 5
aasdf 1 0.000002 5
qazsewq 1 0.000002 7
DREwer 1 0.000002 6
ccdee 1 0.000002 5
wewewewe 1 0.000002 8
serres 1 0.000002 6
Poko 1 0.000002 4
asdfre 1 0.000002 6
zsza 1 0.000002 4
bhbhj 1 0.000002 5
jij 1 0.000002 3
ghuyt 1 0.000002 5
kkkool 1 0.000002 6
gbgt 1 0.000002 4
saws 1 0.000002 4
cccccccc 1 0.000002 8
zzxx 1 0.000002 4
plkl 1 0.000002 4
azaza 1 0.000002 5
nnhu 1 0.000002 4
sswe 1 0.000002 4
jjjji 1 0.000002 5
reS 1 0.000002 3
sdrr 1 0.000002 4
drddrddrd 1 0.000002 9
tytre 1 0.000002 5
Ewe 1 0.000002 3
essew 1 0.000002 5
xxxxz 1 0.000002 5
xzxz 1 0.000002 4
polol 1 0.000002 5
okoo 1 0.000002 4
pplk 1 0.000002 4
ppppp 1 0.000002 5
rtrees 1 0.000002 6
gggbbb 1 0.000002 6
cccd 1 0.000002 4
vvvvvvvv 1 0.000002 8
bhnj 1 0.000002 4
ZaQ 1 0.000002 3
fcfdf 1 0.000002 5
ccffcc 1 0.000002 6
jjhh 1 0.000002 4
xder 1 0.000002 4
klpo 1 0.000002 4
ftrer 1 0.000002 5
JMJ 1 0.000002 3
reedc 1 0.000002 5
rredd 1 0.000002 5
cdcdcd 1 0.000002 6
tyuiop 1 0.000002 6
bhbh 1 0.000002 4
werrty 1 0.000002 6
hyH 1 0.000002 3
fffffff 1 0.000002 7
mnhu 1 0.000002 4
sawesse 1 0.000002 7
kmkl 1 0.000002 4
vbnb 1 0.000002 4
fresa 1 0.000002 5
iopl 1 0.000002 4
kikko 1 0.000002 5
essza 1 0.000002 5
njii 1 0.000002 4
resser 1 0.000002 6
Redf 1 0.000002 4
edeerd 1 0.000002 6
cdds 1 0.000002 4
okii 1 0.000002 4
nhhh 1 0.000002 4
awsedr 1 0.000002 6
sszzz 1 0.000002 5
qwerfdsa 1 0.000002 8
eesew 1 0.000002 5
ghhg 1 0.000002 4
hghhgg 1 0.000002 6
tygf 1 0.000002 4
zzxcvbnmm 1 0.000002 9
zazaz 1 0.000002 5
yygy 1 0.000002 4
cdcd 1 0.000002 4
NHu 1 0.000002 3
gfff 1 0.000002 4
njjjjjj 1 0.000002 7
koolp 1 0.000002 5
mkoi 1 0.000002 4
xxssxx 1 0.000002 6
iiii 1 0.000002 4
aswerd 1 0.000002 6
oloio 1 0.000002 5
fdsawe 1 0.000002 6
ssedd 1 0.000002 5
DEr 1 0.000002 3
cdse 1 0.000002 4
jjmk 1 0.000002 4
rtresa 1 0.000002 6
asded 1 0.000002 5
ddde 1 0.000002 4
YyY 1 0.000002 3
hgghgg 1 0.000002 6
ssdresser 1 0.000002 9
jmjmjm 1 0.000002 6
asdd 1 0.000002 4
lkkkjkkk 1 0.000002 8
polloi 1 0.000002 6
okool 1 0.000002 5
wwwww 1 0.000002 5
eredc 1 0.000002 5
rdeess 1 0.000002 6
ppoolloo 1 0.000002 8
hujkl 1 0.000002 5
dderdder 1 0.000002 8
ftrt 1 0.000002 4
ssSe 1 0.000002 4
awere 1 0.000002 5
ftrees 1 0.000002 6
deeedeee 1 0.000002 8
mkmmm 1 0.000002 5
zawerty 1 0.000002 7
oooop 1 0.000002 5
weswes 1 0.000002 6
yhnn 1 0.000002 4
vbH 1 0.000002 3
gbhj 1 0.000002 4
ccvb 1 0.000002 4
FREEw 1 0.000002 5
dssd 1 0.000002 4
deee 1 0.000002 4
ppopp 1 0.000002 5
ujiki 1 0.000002 5
YgYy 1 0.000002 4
lkop 1 0.000002 4
yYg 1 0.000002 3
huhhh 1 0.000002 5
ikjui 1 0.000002 5
waqasw 1 0.000002 6
poiuiop 1 0.000002 7
pooooop 1 0.000002 7
frtfrt 1 0.000002 6
fcfd 1 0.000002 4
ookki 1 0.000002 5
YyU 1 0.000002 3
ijki 1 0.000002 4
zszszs 1 0.000002 6
bgty 1 0.000002 4
deedeedee 1 0.000002 9
eewees 1 0.000002 6
zzx 1 0.000002 3
trttt 1 0.000002 5
mmnnbb 1 0.000002 6
sweert 1 0.000002 6
plklp 1 0.000002 5
lkmjk 1 0.000002 5
qwaszxc 1 0.000002 7
edsass 1 0.000002 6
hghghg 1 0.000002 6
lokio 1 0.000002 5
hyyyy 1 0.000002 5
zsert 1 0.000002 5
fdfrt 1 0.000002 5
oloko 1 0.000002 5
jjjuuu 1 0.000002 6
nmko 1 0.000002 4
edcd 1 0.000002 4
jijijijijiji 1 0.000002 12
njjk 1 0.000002 4
rddee 1 0.000002 5
pokopo 1 0.000002 6
wewa 1 0.000002 4
seede 1 0.000002 5
hjmn 1 0.000002 4
gfgf 1 0.000002 4
ioll 1 0.000002 4
xxxxxxx 1 0.000002 7
MjU 1 0.000002 3
asws 1 0.000002 4
rER 1 0.000002 3
bnn 1 0.000002 3
dsdre 1 0.000002 5
aSsd 1 0.000002 4
klook 1 0.000002 5
hghgh 1 0.000002 5
zssa 1 0.000002 4
kkmk 1 0.000002 4
KJI 1 0.000002 3
azaaa 1 0.000002 5
wwweee 1 0.000002 6
erfd 1 0.000002 4
eseeds 1 0.000002 6
treew 1 0.000002 5
redff 1 0.000002 5
fdrf 1 0.000002 4
ttyty 1 0.000002 5
YgY 1 0.000002 3
dreser 1 0.000002 6
nhnh 1 0.000002 4
kkki 1 0.000002 4
ddesse 1 0.000002 6
zazazaza 1 0.000002 8
redsw 1 0.000002 5
cvcvcv 1 0.000002 6
reeeee 1 0.000002 6
nbnbnb 1 0.000002 6
PoLL 1 0.000002 4
lookm 1 0.000002 5
hhuj 1 0.000002 4
ewaqas 1 0.000002 6
ssedx 1 0.000002 5
huyg 1 0.000002 4
aaser 1 0.000002 5
oooooooo 1 0.000002 8
rtgh 1 0.000002 4
errt 1 0.000002 4
zxccxz 1 0.000002 6
hgbgh 1 0.000002 5
jjnn 1 0.000002 4
edrf 1 0.000002 4
qqqqq 1 0.000002 5
sssd 1 0.000002 4
looooo 1 0.000002 6
fdds 1 0.000002 4
asdfdsa 1 0.000002 7
TYH 1 0.000002 3
wsee 1 0.000002 4
pookii 1 0.000002 6
ZAW 1 0.000002 3
sdsdsd 1 0.000002 6
wazaa 1 0.000002 5
aasw 1 0.000002 4
kokolopo 1 0.000002 8
kjjj 1 0.000002 4
okkk 1 0.000002 4
edxs 1 0.000002 4
ghyu 1 0.000002 4
aasass 1 0.000002 6
rdede 1 0.000002 5
hghh 1 0.000002 4
iopol 1 0.000002 5
jjjjjjjjj 1 0.000002 9
uhj 1 0.000002 3
oploop 1 0.000002 6
lloik 1 0.000002 5
cfrdc 1 0.000002 5
yUy 1 0.000002 3
awsz 1 0.000002 4
desertf 1 0.000002 7
dseeswa 1 0.000002 7
lloko 1 0.000002 5
DfT 1 0.000002 3
asertt 1 0.000002 6
asdffd 1 0.000002 6
SAA 1 0.000002 3
Bgt 1 0.000002 3
nmmk 1 0.000002 4
lllppp 1 0.000002 6
lkji 1 0.000002 4
ppok 1 0.000002 4
tyuh 1 0.000002 4
lklk 1 0.000002 4
aaasss 1 0.000002 6
qaW 1 0.000002 3
jhjhu 1 0.000002 5
SDD 1 0.000002 3
wsesa 1 0.000002 5
saas 1 0.000002 4
xser 1 0.000002 4
esess 1 0.000002 5
OPlook 1 0.000002 6
wwaa 1 0.000002 4
qazz 1 0.000002 4
cdsa 1 0.000002 4
qawsedrftgyh 1 0.000002 12
iiko 1 0.000002 4
LLOO 1 0.000002 4
LOLLOL 1 0.000002 6
klokloolk 1 0.000002 9
mmnmjm 1 0.000002 6
jjuj 1 0.000002 4
ewQ 1 0.000002 3
qAs 1 0.000002 3
dxxx 1 0.000002 4
oppoppopp 1 0.000002 9
ytressa 1 0.000002 7
Wsx 1 0.000002 3
Edc 1 0.000002 3
xzaw 1 0.000002 4
seree 1 0.000002 5
kiio 1 0.000002 4
VGf 1 0.000002 3
eSe 1 0.000002 3
hnMJ 1 0.000002 4
OkM 1 0.000002 3
ikju 1 0.000002 4
rrfred 1 0.000002 6
ewaa 1 0.000002 4
zxcdsaqwe 1 0.000002 9
DCD 1 0.000002 3
tredd 1 0.000002 5
Ghu 1 0.000002 3
jiol 1 0.000002 4
aasss 1 0.000002 5
DERR 1 0.000002 4
KJN 1 0.000002 3
IUI 1 0.000002 3
Zaz 1 0.000002 3
ZaqwsX 1 0.000002 6
ZAZA 1 0.000002 4
iiij 1 0.000002 4
MMmm 1 0.000002 4
zser 1 0.000002 4
TRESS 1 0.000002 5
cddd 1 0.000002 4
SeW 1 0.000002 3
essaa 1 0.000002 5
poiuytghjkl 1 0.000002 11
ZsdE 1 0.000002 4
resss 1 0.000002 5
pooppoo 1 0.000002 7
xxxse 1 0.000002 5
eRr 1 0.000002 3
Sed 1 0.000002 3
plopp 1 0.000002 5
kopol 1 0.000002 5
KLL 1 0.000002 3
azzzzz 1 0.000002 6
uhgt 1 0.000002 4
derfr 1 0.000002 5
AAS 1 0.000002 3
freeres 1 0.000002 7
eessa 1 0.000002 5
weeder 1 0.000002 6
eerer 1 0.000002 5
DRES 1 0.000002 4
SWa 1 0.000002 3
gfres 1 0.000002 5
swsw 1 0.000002 4
kmnh 1 0.000002 4
ffC 1 0.000002 3
rdress 1 0.000002 6
QWERTYUIOP 1 0.000002 10
sXX 1 0.000002 3
Tress 1 0.000002 5
rewasd 1 0.000002 6
nhui 1 0.000002 4
kkkloop 1 0.000002 7
sewSEW 1 0.000002 6
rRD 1 0.000002 3
sssddd 1 0.000002 6
FDC 1 0.000002 3
DDxcv 1 0.000002 5
HYg 1 0.000002 3
ttG 1 0.000002 3
JKLlkj 1 0.000002 6
BNM 1 0.000002 3
poiuytre 1 0.000002 8
iJn 1 0.000002 3
reesa 1 0.000002 5
RRRRRRR 1 0.000002 7
JJI 1 0.000002 3
Saw 1 0.000002 3
zsW 1 0.000002 3
MKO 1 0.000002 3
ESSE 1 0.000002 4
ssdf 1 0.000002 4
hjnn 1 0.000002 4
rrF 1 0.000002 3
Ytr 1 0.000002 3
WAza 1 0.000002 4
qawa 1 0.000002 4
NBB 1 0.000002 3
AAaa 1 0.000002 4
AAaaaa 1 0.000002 6
rtttt 1 0.000002 5
wawawaa 1 0.000002 7
bbggv 1 0.000002 5
polkio 1 0.000002 6
kjmn 1 0.000002 4
Azz 1 0.000002 3
drese 1 0.000002 5
qAq 1 0.000002 3
LLK 1 0.000002 3
yTy 1 0.000002 3
ZXCVB 1 0.000002 5
koolpop 1 0.000002 7
xswe 1 0.000002 4
uJu 1 0.000002 3
Zza 1 0.000002 3
jiuh 1 0.000002 4
rdss 1 0.000002 4
SSw 1 0.000002 3
poopp 1 0.000002 5
TGB 1 0.000002 3
EWAw 1 0.000002 4
WED 1 0.000002 3
aSee 1 0.000002 4
ESSED 1 0.000002 5
wserd 1 0.000002 5
ZSE 1 0.000002 3
plploo 1 0.000002 6
tfred 1 0.000002 5
poool 1 0.000002 5
esdee 1 0.000002 5
hbhn 1 0.000002 4
cccf 1 0.000002 4
bgfc 1 0.000002 4
UHYt 1 0.000002 4
asdfvbnm 1 0.000002 8
assww 1 0.000002 5
swerr 1 0.000002 5
bghy 1 0.000002 4
JKK 1 0.000002 3
yuJ 1 0.000002 3
deeeeee 1 0.000002 7
TYty 1 0.000002 4
dedre 1 0.000002 5
MJu 1 0.000002 3
gtfrde 1 0.000002 6
FRe 1 0.000002 3
ERESS 1 0.000002 5
zaW 1 0.000002 3
gfds 1 0.000002 4
asdr 1 0.000002 4
yTrDES 1 0.000002 6
rewas 1 0.000002 5
edcvfr 1 0.000002 6
xsert 1 0.000002 5
kikol 1 0.000002 5
jMM 1 0.000002 3
HyY 1 0.000002 3
dfrf 1 0.000002 4
dertyg 1 0.000002 6
jiuji 1 0.000002 5
GBH 1 0.000002 3
DSE 1 0.000002 3
kokikoki 1 0.000002 8
dddddddddddd 1 0.000002 12
ZsaW 1 0.000002 4
aZs 1 0.000002 3
ReD 1 0.000002 3
WaS 1 0.000002 3
SSZ 1 0.000002 3
iikkmm 1 0.000002 6
cFG 1 0.000002 3
eRF 1 0.000002 3
hhbb 1 0.000002 4
DEWA 1 0.000002 4
oolpl 1 0.000002 5
hgbv 1 0.000002 4
FrEeD 1 0.000002 5
wassa 1 0.000002 5
essdre 1 0.000002 6
mjikij 1 0.000002 6
reedxxx 1 0.000002 7
POoP 1 0.000002 4
erdc 1 0.000002 4
Wsxcvbn 1 0.000002 7
nnM 1 0.000002 3
Frees 1 0.000002 5
kikijiki 1 0.000002 8
lookl 1 0.000002 5
Ujh 1 0.000002 3
sEs 1 0.000002 3
rdDe 1 0.000002 4
sdrd 1 0.000002 4
aserf 1 0.000002 5
eDC 1 0.000002 3
FTF 1 0.000002 3
AsDfGhJkL 1 0.000002 9
loooool 1 0.000002 7
zsazsazs 1 0.000002 8
jkmkjkmk 1 0.000002 8
eRE 1 0.000002 3
AAAss 1 0.000002 5
sesses 1 0.000002 6
RedS 1 0.000002 4
uiuiui 1 0.000002 6
jiii 1 0.000002 4
Hbg 1 0.000002 3
vbvb 1 0.000002 4
sSes 1 0.000002 4
Trew 1 0.000002 4
eEES 1 0.000002 4
freeed 1 0.000002 6
OOI 1 0.000002 3
seswa 1 0.000002 5
aqwsdert 1 0.000002 8
ssssssssss 1 0.000002 10
eEE 1 0.000002 3
sZa 1 0.000002 3
gffg 1 0.000002 4
wwes 1 0.000002 4
essedx 1 0.000002 6
deres 1 0.000002 5
hbnjm 1 0.000002 5
ertgb 1 0.000002 5
Trees 1 0.000002 5
dsdr 1 0.000002 4
gTre 1 0.000002 4
Fgfdsa 1 0.000002 6
Dewa 1 0.000002 4
assaw 1 0.000002 5
hhbhhb 1 0.000002 6
HhhH 1 0.000002 4
rfF 1 0.000002 3
qwed 1 0.000002 4
qweds 1 0.000002 5
YYu 1 0.000002 3
frty 1 0.000002 4
ikjikj 1 0.000002 6
asza 1 0.000002 4
Kool 1 0.000002 4
TRf 1 0.000002 3
hYt 1 0.000002 3
oiop 1 0.000002 4
AWWW 1 0.000002 4
dsdsd 1 0.000002 5
ikolo 1 0.000002 5
sWe 1 0.000002 3
RFF 1 0.000002 3
pppPPP 1 0.000002 6
Frt 1 0.000002 3
fgtg 1 0.000002 4
ffffffff 1 0.000002 8
swaqa 1 0.000002 5
DEWE 1 0.000002 4
pollO 1 0.000002 5
nmmn 1 0.000002 4
nJjn 1 0.000002 4
hjhn 1 0.000002 4
YTR 1 0.000002 3
FrEd 1 0.000002 4
dER 1 0.000002 3
gYYt 1 0.000002 4
ghjuh 1 0.000002 5
fvvf 1 0.000002 4
WEs 1 0.000002 3
uhU 1 0.000002 3
esswes 1 0.000002 6
oooooooooooo 1 0.000002 12
huU 1 0.000002 3
deSa 1 0.000002 4
DeW 1 0.000002 3
koplok 1 0.000002 6
sdssds 1 0.000002 6
huji 1 0.000002 4
REDDR 1 0.000002 5
oolko 1 0.000002 5
MKMJM 1 0.000002 5
redfree 1 0.000002 7
wAz 1 0.000002 3
ppppppp 1 0.000002 7
tttt 1 0.000002 4
zssd 1 0.000002 4
nJN 1 0.000002 3
Pollo 1 0.000002 5
ertggg 1 0.000002 6
jnmk 1 0.000002 4
qazx 1 0.000002 4
rtyh 1 0.000002 4
SSa 1 0.000002 3
tFD 1 0.000002 3
UHYH 1 0.000002 4
cVB 1 0.000002 3
sXCC 1 0.000002 4
GHH 1 0.000002 3
klK 1 0.000002 3
ZAws 1 0.000002 4
MJMJM 1 0.000002 5
lKO 1 0.000002 3
aZx 1 0.000002 3
ERES 1 0.000002 4
reede 1 0.000002 5
BGh 1 0.000002 3
yytrd 1 0.000002 5
fdff 1 0.000002 4
tfreed 1 0.000002 6
zzzxxx 1 0.000002 6
rfvcd 1 0.000002 5
okiokij 1 0.000002 7
zAs 1 0.000002 3
asdfd 1 0.000002 5
weeeweee 1 0.000002 8
ploopploop 1 0.000002 10
asdcxz 1 0.000002 6
NhNh 1 0.000002 4
Assa 1 0.000002 4
Sss 1 0.000002 3
yyGv 1 0.000002 4
IKOL 1 0.000002 4
FFR 1 0.000002 3
ookij 1 0.000002 5
qqwwee 1 0.000002 6
jhju 1 0.000002 4
aASD 1 0.000002 4
vFv 1 0.000002 3
rrrR 1 0.000002 4
plol 1 0.000002 4
gygh 1 0.000002 4
HuY 1 0.000002 3
Loo 1 0.000002 3
oppp 1 0.000002 4
NhBg 1 0.000002 4
dsdx 1 0.000002 4
vcfty 1 0.000002 5
yyuu 1 0.000002 4
njkl 1 0.000002 4
mJmKm 1 0.000002 5
zzaser 1 0.000002 6
AZz 1 0.000002 3
errd 1 0.000002 4
ERTR 1 0.000002 4
REw 1 0.000002 3
zzxxzz 1 0.000002 6
ytgh 1 0.000002 4
nbnh 1 0.000002 4
bgff 1 0.000002 4
eeeee 1 0.000002 5
ioK 1 0.000002 3
kmmm 1 0.000002 4
XXXXXXXX 1 0.000002 8
awwe 1 0.000002 4
sertr 1 0.000002 5
mJj 1 0.000002 3
NMNN 1 0.000002 4
dCf 1 0.000002 3
hBV 1 0.000002 3
Kop 1 0.000002 3
LLo 1 0.000002 3
vghn 1 0.000002 4
sdft 1 0.000002 4
aWAS 1 0.000002 4
sEre 1 0.000002 4
nhbb 1 0.000002 4
UJh 1 0.000002 3
yhju 1 0.000002 4
gytt 1 0.000002 4
ASSSSA 1 0.000002 6
ZAWA 1 0.000002 4
DDs 1 0.000002 3
rTt 1 0.000002 3
okkki 1 0.000002 5
mMM 1 0.000002 3
ESASe 1 0.000002 5
rDD 1 0.000002 3
kkkkkkkkkkkk 1 0.000002 12
desewas 1 0.000002 7
MJNM 1 0.000002 4
hnhg 1 0.000002 4
Hhh 1 0.000002 3
kkooll 1 0.000002 6
asW 1 0.000002 3
zxdfrt 1 0.000002 6
xxxcvb 1 0.000002 6
vfty 1 0.000002 4
REsa 1 0.000002 4
lpopp 1 0.000002 5
esswa 1 0.000002 5
kkjhj 1 0.000002 5
yHY 1 0.000002 3
ggyy 1 0.000002 4
RRr 1 0.000002 3
vffr 1 0.000002 4
ERED 1 0.000002 4
aAs 1 0.000002 3
FvV 1 0.000002 3
vghu 1 0.000002 4
ZAQW 1 0.000002 4
tyuj 1 0.000002 4
mmkj 1 0.000002 4
ikmju 1 0.000002 5
plokm 1 0.000002 5
rrew 1 0.000002 4
qqaq 1 0.000002 4
wertyh 1 0.000002 6
ploplopl 1 0.000002 8
wwwed 1 0.000002 5
jJU 1 0.000002 3
Aazz 1 0.000002 4
GfC 1 0.000002 3
fgyt 1 0.000002 4
juuj 1 0.000002 4
fvvg 1 0.000002 4
plokk 1 0.000002 5
CCf 1 0.000002 3
mjmjmjm 1 0.000002 7
vvvftt 1 0.000002 6
Mnm 1 0.000002 3
hhhhhhhhh 1 0.000002 9
sddx 1 0.000002 4
OkO 1 0.000002 3
POOOOOOO 1 0.000002 8
jkJ 1 0.000002 3
zxszz 1 0.000002 5
fvgy 1 0.000002 4
lolok 1 0.000002 5
gBb 1 0.000002 3
asaswa 1 0.000002 6
essss 1 0.000002 5
KKj 1 0.000002 3
zaaz 1 0.000002 4
Ededdedd 1 0.000002 8
rtG 1 0.000002 3
loooooo 1 0.000002 7
sdfdssaw 1 0.000002 8
cdrew 1 0.000002 5
okoki 1 0.000002 5
erdew 1 0.000002 5
ttres 1 0.000002 5
fffttt 1 0.000002 6
Kjhgfdsa 1 0.000002 8
sWq 1 0.000002 3
qwerT 1 0.000002 5
saaaa 1 0.000002 5
pOiUyTrE 1 0.000002 8
Cfree 1 0.000002 5
TTRF 1 0.000002 4
ujji 1 0.000002 4
OOki 1 0.000002 4
Yuyu 1 0.000002 4
Cfc 1 0.000002 3
Esse 1 0.000002 4
iuJ 1 0.000002 3
YYYTT 1 0.000002 5
FrE 1 0.000002 3
edS 1 0.000002 3
poploll 1 0.000002 7
dssa 1 0.000002 4
lloI 1 0.000002 4
BBn 1 0.000002 3
hgvf 1 0.000002 4
uhbg 1 0.000002 4
yyytt 1 0.000002 5
RedD 1 0.000002 4
DSD 1 0.000002 3
iopP 1 0.000002 4
Oki 1 0.000002 3
iuj 1 0.000002 3
fredred 1 0.000002 7
ioiji 1 0.000002 5
zAAA 1 0.000002 4
jkop 1 0.000002 4
pooplo 1 0.000002 6
ewW 1 0.000002 3
fgtf 1 0.000002 4
ijju 1 0.000002 4
uiuu 1 0.000002 4
awwa 1 0.000002 4
ewser 1 0.000002 5
uijhg 1 0.000002 5
mmmjm 1 0.000002 5
TRT 1 0.000002 3
SASS 1 0.000002 4
Werew 1 0.000002 5
eWewe 1 0.000002 5
ertf 1 0.000002 4
qwertgfdsa 1 0.000002 10
asdfdd 1 0.000002 6
mnmji 1 0.000002 5
HHHH 1 0.000002 4
hhjj 1 0.000002 4
erewa 1 0.000002 5
uhjk 1 0.000002 4
assza 1 0.000002 5
jmji 1 0.000002 4
hjjjjjjj 1 0.000002 8
edred 1 0.000002 5
zsde 1 0.000002 4
kjkjkjkj 1 0.000002 8
uiok 1 0.000002 4
BBBBB 1 0.000002 5
gygb 1 0.000002 4
iokm 1 0.000002 4
eedee 1 0.000002 5
jnHH 1 0.000002 4
eDE 1 0.000002 3
jnnh 1 0.000002 4
cxss 1 0.000002 4
hhhn 1 0.000002 4
FTR 1 0.000002 3
Qwes 1 0.000002 4
vgfc 1 0.000002 4
hjkkjh 1 0.000002 6
Redr 1 0.000002 4
fvgv 1 0.000002 4
kokl 1 0.000002 4
mmmmk 1 0.000002 5
uytgh 1 0.000002 5
kmjj 1 0.000002 4
hbgb 1 0.000002 4
jhnbh 1 0.000002 5
uII 1 0.000002 3
seese 1 0.000002 5
iook 1 0.000002 4
eswed 1 0.000002 5
yyT 1 0.000002 3
tgyhuj 1 0.000002 6
yhhh 1 0.000002 4
fvgh 1 0.000002 4
zswq 1 0.000002 4
rdfd 1 0.000002 4
mmju 1 0.000002 4
szxc 1 0.000002 4
yuik 1 0.000002 4
dRE 1 0.000002 3
Pll 1 0.000002 3
kOl 1 0.000002 3
TyH 1 0.000002 3
ghG 1 0.000002 3
gtrf 1 0.000002 4
yuuh 1 0.000002 4
oooiop 1 0.000002 6
gtrees 1 0.000002 6
wsxd 1 0.000002 4
yyyt 1 0.000002 4
kjhg 1 0.000002 4
jhjkm 1 0.000002 5
wSS 1 0.000002 3
CvB 1 0.000002 3
hNn 1 0.000002 3
KLPok 1 0.000002 5
aaaaaaaaaaa 1 0.000002 11
rewqaz 1 0.000002 6
reesereese 1 0.000002 10
mjmmj 1 0.000002 5
wwq 1 0.000002 3
ujhg 1 0.000002 4
ertyuiop 1 0.000002 8
NMJKio 1 0.000002 6
ghB 1 0.000002 3
dFred 1 0.000002 5
xssaa 1 0.000002 5
qawe 1 0.000002 4
vftg 1 0.000002 4
tttr 1 0.000002 4
sdfdx 1 0.000002 5
eReds 1 0.000002 5
vftr 1 0.000002 4
ddccc 1 0.000002 5
ygyg 1 0.000002 4
hhnj 1 0.000002 4
vfvcc 1 0.000002 5
xddd 1 0.000002 4
cvcf 1 0.000002 4
rfty 1 0.000002 4
YHuhY 1 0.000002 5
tygh 1 0.000002 4
rtgb 1 0.000002 4
xcfv 1 0.000002 4
rtfvv 1 0.000002 5
wsxsaw 1 0.000002 6
vggt 1 0.000002 4
nhhy 1 0.000002 4
mnju 1 0.000002 4
ghhy 1 0.000002 4
nhgyg 1 0.000002 5
aWAZ 1 0.000002 4
REs 1 0.000002 3
fgv 1 0.000002 3
koij 1 0.000002 4
ffrr 1 0.000002 4
ZaW 1 0.000002 3
ghuj 1 0.000002 4
hjii 1 0.000002 4
xxcdc 1 0.000002 5
gggb 1 0.000002 4
ffdr 1 0.000002 4
ASdf 1 0.000002 4
uyuy 1 0.000002 4
bvgb 1 0.000002 4
rffgy 1 0.000002 5
uiJN 1 0.000002 4
ESSER 1 0.000002 5
wWa 1 0.000002 3
uijh 1 0.000002 4
hghu 1 0.000002 4
xzx 1 0.000002 3
yuhy 1 0.000002 4
assz 1 0.000002 4
swws 1 0.000002 4
SEd 1 0.000002 3
lkjk 1 0.000002 4
vcxc 1 0.000002 4
fgbg 1 0.000002 4
aaqw 1 0.000002 4
esdfc 1 0.000002 5
tgyh 1 0.000002 4
ZxC 1 0.000002 3
hbg 1 0.000002 3
nmnh 1 0.000002 4
gyyt 1 0.000002 4
kiuu 1 0.000002 4
deress 1 0.000002 6
hujn 1 0.000002 4
zxcd 1 0.000002 4
tgfg 1 0.000002 4
ffgh 1 0.000002 4
fcde 1 0.000002 4
njiu 1 0.000002 4
ggfdf 1 0.000002 5
sdxc 1 0.000002 4
ggvc 1 0.000002 4
aqAS 1 0.000002 4
swert 1 0.000002 5
MMj 1 0.000002 3
nhnb 1 0.000002 4
uyyy 1 0.000002 4
uuio 1 0.000002 4
iuhb 1 0.000002 4
ggyh 1 0.000002 4
poiju 1 0.000002 5
IJI 1 0.000002 3
vgyt 1 0.000002 4
jnnn 1 0.000002 4
gfvv 1 0.000002 4
mjiu 1 0.000002 4
jjhb 1 0.000002 4
dfcd 1 0.000002 4
EsW 1 0.000002 3
hyuj 1 0.000002 4
RESA 1 0.000002 4
Uju 1 0.000002 3
nnH 1 0.000002 3
hnbb 1 0.000002 4
deeee 1 0.000002 5
uhhhh 1 0.000002 5
xzas 1 0.000002 4
fvcv 1 0.000002 4
tgtf 1 0.000002 4
Wsds 1 0.000002 4
fcder 1 0.000002 5
wqqaz 1 0.000002 5
aqaw 1 0.000002 4
njI 1 0.000002 3
fTtR 1 0.000002 4
xzzs 1 0.000002 4
zzaq 1 0.000002 4
Asx 1 0.000002 3
ffvv 1 0.000002 4
tresa 1 0.000002 5
rtfd 1 0.000002 4
hhyt 1 0.000002 4
vgg 1 0.000002 3
AAZ 1 0.000002 3
ddcc 1 0.000002 4
Juju 1 0.000002 4
Zas 1 0.000002 3
tgfv 1 0.000002 4
LlKKi 1 0.000002 5
fTt 1 0.000002 3
QAZXSW 1 0.000002 6
cvft 1 0.000002 4
qwaw 1 0.000002 4
dedff 1 0.000002 5
cdswq 1 0.000002 5
rfdr 1 0.000002 4
ErEd 1 0.000002 4
tfdx 1 0.000002 4
jhbn 1 0.000002 4
ikjj 1 0.000002 4
dcvfc 1 0.000002 5
SEEDS 1 0.000002 5
Ijn 1 0.000002 3
fggv 1 0.000002 4
hhhb 1 0.000002 4
cfre 1 0.000002 4
oioi 1 0.000002 4
hbgt 1 0.000002 4
sesx 1 0.000002 4
ujhju 1 0.000002 5
mkjh 1 0.000002 4
bvbb 1 0.000002 4
nhgb 1 0.000002 4
awaszx 1 0.000002 6
vcvc 1 0.000002 4
aweRe 1 0.000002 5
xxsw 1 0.000002 4
ewew 1 0.000002 4
dsded 1 0.000002 5
wedc 1 0.000002 4
CDd 1 0.000002 3
jmkki 1 0.000002 5
ookii 1 0.000002 5
awse 1 0.000002 4
tfrd 1 0.000002 4
rdfv 1 0.000002 4
azaw 1 0.000002 4
AqA 1 0.000002 3
plooK 1 0.000002 5
nmklpo 1 0.000002 6
sDe 1 0.000002 3
AWE 1 0.000002 3
cdDESWAQ 1 0.000002 8
awwaz 1 0.000002 5
iJi 1 0.000002 3
RtT 1 0.000002 3
asaA 1 0.000002 4
iuyhgt 1 0.000002 6
kokopopp 1 0.000002 8
yyUHU 1 0.000002 5
LpO 1 0.000002 3
uhhh 1 0.000002 4
hhgh 1 0.000002 4
vbnm 1 0.000002 4
nhyg 1 0.000002 4
HYtY 1 0.000002 4
edeR 1 0.000002 4
koook 1 0.000002 5
yujU 1 0.000002 4
deert 1 0.000002 5
xssa 1 0.000002 4
ASER 1 0.000002 4
dEs 1 0.000002 3
lokijuhy 1 0.000002 8
ijnb 1 0.000002 4
waQ 1 0.000002 3
gvft 1 0.000002 4
swedes 1 0.000002 6
ReedC 1 0.000002 5
ggfv 1 0.000002 4
qwese 1 0.000002 5
ZAQWSXCDE 1 0.000002 9
Hjm 1 0.000002 3
gtyy 1 0.000002 4
dessed 1 0.000002 6
hJu 1 0.000002 3
GHJ 1 0.000002 3
lolpop 1 0.000002 6
mkjk 1 0.000002 4
waqassa 1 0.000002 7
IIIi 1 0.000002 4
poloplok 1 0.000002 8
ffresw 1 0.000002 6
Nhu 1 0.000002 3
uhjuh 1 0.000002 5
uuyt 1 0.000002 4
Jmm 1 0.000002 3
xxzz 1 0.000002 4
frdc 1 0.000002 4
gvgv 1 0.000002 4
fdsaa 1 0.000002 5
mnnj 1 0.000002 4
reSa 1 0.000002 4
WqQ 1 0.000002 3
llP 1 0.000002 3
nbNm 1 0.000002 4
hnB 1 0.000002 3
plkjhg 1 0.000002 6
rDd 1 0.000002 3
Ytt 1 0.000002 3
fcdd 1 0.000002 4
xdfd 1 0.000002 4
gfdsa 1 0.000002 5
lOpp 1 0.000002 4
Jmn 1 0.000002 3
drewww 1 0.000002 6
iKikk 1 0.000002 5
ddccdd 1 0.000002 6
CcDdEe 1 0.000002 6
fdrr 1 0.000002 4
azass 1 0.000002 5
ttyG 1 0.000002 4
hjmk 1 0.000002 4
RrRd 1 0.000002 4
jMk 1 0.000002 3
sxsx 1 0.000002 4
Deew 1 0.000002 4
wqwq 1 0.000002 4
Ewes 1 0.000002 4
tgvgb 1 0.000002 5
ooiu 1 0.000002 4
tYy 1 0.000002 3
wqqwq 1 0.000002 5
jjki 1 0.000002 4
ujuh 1 0.000002 4
DREWs 1 0.000002 5
redew 1 0.000002 5
wsds 1 0.000002 4
qwwaq 1 0.000002 5
hjio 1 0.000002 4
edsaa 1 0.000002 5
aswede 1 0.000002 6
llkkmm 1 0.000002 6
ddcft 1 0.000002 5
oikooiko 1 0.000002 8
mkiuu 1 0.000002 5
fcxx 1 0.000002 4
hUH 1 0.000002 3
mnbvcxzx 1 0.000002 8
frFF 1 0.000002 4
aaww 1 0.000002 4
ccdx 1 0.000002 4
seewa 1 0.000002 5
OKOL 1 0.000002 4
llopop 1 0.000002 6
QWERfdsaZXCV 1 0.000002 12
pooi 1 0.000002 4
ttT 1 0.000002 3
jjmj 1 0.000002 4
Xcc 1 0.000002 3
Juh 1 0.000002 3
rewse 1 0.000002 5
HJI 1 0.000002 3
aaza 1 0.000002 4
ERd 1 0.000002 3
qawsedx 1 0.000002 7
aAz 1 0.000002 3
AsdfgH 1 0.000002 6
reddd 1 0.000002 5
wsww 1 0.000002 4
xssd 1 0.000002 4
eedre 1 0.000002 5
dsde 1 0.000002 4
DEDE 1 0.000002 4
GHY 1 0.000002 3
xxxs 1 0.000002 4
rtyu 1 0.000002 4
dfrty 1 0.000002 5
yghu 1 0.000002 4
okmm 1 0.000002 4
Asw 1 0.000002 3
cffde 1 0.000002 5
ZaZa 1 0.000002 4
bhui 1 0.000002 4
hhju 1 0.000002 4
mmnm 1 0.000002 4
njijj 1 0.000002 5
saaa 1 0.000002 4
mjkl 1 0.000002 4
sdcx 1 0.000002 4
ppoki 1 0.000002 5
rEE 1 0.000002 3
OOO 1 0.000002 3
poplo 1 0.000002 5
dcxc 1 0.000002 4
huhj 1 0.000002 4
eSER 1 0.000002 4
DEs 1 0.000002 3
olollo 1 0.000002 6
AQq 1 0.000002 3
GGT 1 0.000002 3
ikKiju 1 0.000002 6
Edx 1 0.000002 3
qaaq 1 0.000002 4
sewes 1 0.000002 5
fvgbhnj 1 0.000002 7
oooki 1 0.000002 5
uiol 1 0.000002 4
bnbbh 1 0.000002 5
gfder 1 0.000002 5
yuuui 1 0.000002 5
erdrew 1 0.000002 6
CFG 1 0.000002 3
jklpoi 1 0.000002 6
aSSw 1 0.000002 4
sssssss 1 0.000002 7
wwwsa 1 0.000002 5
rttg 1 0.000002 4
trfv 1 0.000002 4
hyyg 1 0.000002 4
qawsedrftg 1 0.000002 10
jmnj 1 0.000002 4
nnbb 1 0.000002 4
vggtf 1 0.000002 5
NMm 1 0.000002 3
dxcx 1 0.000002 4
klokk 1 0.000002 5
wses 1 0.000002 4
yGT 1 0.000002 3
ujui 1 0.000002 4
sweeeee 1 0.000002 7
FreeS 1 0.000002 5
uikj 1 0.000002 4
juhu 1 0.000002 4
oioioi 1 0.000002 6
njjjkj 1 0.000002 6
tfcx 1 0.000002 4
ttyuio 1 0.000002 6
wasas 1 0.000002 5
gbhg 1 0.000002 4
deRe 1 0.000002 4
rewq 1 0.000002 4
awedss 1 0.000002 6
RTr 1 0.000002 3
rEd 1 0.000002 3
ffdx 1 0.000002 4
tghh 1 0.000002 4
erere 1 0.000002 5
wEs 1 0.000002 3
ikik 1 0.000002 4
kllp 1 0.000002 4
NhY 1 0.000002 3
asdrrr 1 0.000002 6
ijnhn 1 0.000002 5
swerd 1 0.000002 5
fcvb 1 0.000002 4
saaw 1 0.000002 4
olllo 1 0.000002 5
LOK 1 0.000002 3
rTGb 1 0.000002 4
aassddff 1 0.000002 8
qazxcds 1 0.000002 7
mmmj 1 0.000002 4
Wew 1 0.000002 3
yhbb 1 0.000002 4
rredrred 1 0.000002 8
wAqa 1 0.000002 4
JUju 1 0.000002 4
treeses 1 0.000002 7
mjhu 1 0.000002 4
ookk 1 0.000002 4
lopolopo 1 0.000002 8
ewss 1 0.000002 4
uhju 1 0.000002 4
poiujk 1 0.000002 6
hytr 1 0.000002 4
ftyg 1 0.000002 4
qazzzz 1 0.000002 6
DeR 1 0.000002 3
PooP 1 0.000002 4
ytY 1 0.000002 3
qwsdxc 1 0.000002 6
Hui 1 0.000002 3
dXc 1 0.000002 3
asdfgfd 1 0.000002 7
ikji 1 0.000002 4
kmmjm 1 0.000002 5
EEEE 1 0.000002 4
aSw 1 0.000002 3
AaS 1 0.000002 3
tfrrf 1 0.000002 5
drees 1 0.000002 5
RER 1 0.000002 3
FDD 1 0.000002 3
awsw 1 0.000002 4
Dress 1 0.000002 5
resw 1 0.000002 4
gFr 1 0.000002 3
zaqwert 1 0.000002 7
Reeree 1 0.000002 6
ddeser 1 0.000002 6
seWE 1 0.000002 4
mMn 1 0.000002 3
lppl 1 0.000002 4
vfdx 1 0.000002 4
WErt 1 0.000002 4
iokopo 1 0.000002 6
trewsa 1 0.000002 6
trtggb 1 0.000002 6
reerd 1 0.000002 5
wwwwwwww 1 0.000002 8
sdrf 1 0.000002 4
redser 1 0.000002 6
kjmj 1 0.000002 4
aZsXCV 1 0.000002 6
eSEd 1 0.000002 4
nNM 1 0.000002 3
lOP 1 0.000002 3
sazsaz 1 0.000002 6
wSSA 1 0.000002 4
kikikikiki 1 0.000002 10
kkjkk 1 0.000002 5
redds 1 0.000002 5
aserd 1 0.000002 5
drE 1 0.000002 3
asdfghjmnbvc 1 0.000002 12
uikk 1 0.000002 4
Vgg 1 0.000002 3
edxxx 1 0.000002 5
Rrr 1 0.000002 3
Reser 1 0.000002 5
jnhjnh 1 0.000002 6
fCx 1 0.000002 3
aWeS 1 0.000002 4
Polo 1 0.000002 4
yYu 1 0.000002 3
ijikki 1 0.000002 6
wawwe 1 0.000002 5
yYG 1 0.000002 3
mnmnmn 1 0.000002 6
jNm 1 0.000002 3
huI 1 0.000002 3
yuyt 1 0.000002 4
esaS 1 0.000002 4
lolpoo 1 0.000002 6
xsx 1 0.000002 3
JKI 1 0.000002 3
dxdee 1 0.000002 5
nhyy 1 0.000002 4
derfderf 1 0.000002 8
aaaaaA 1 0.000002 6
Qwsx 1 0.000002 4
wewawa 1 0.000002 6
eRf 1 0.000002 3
EWs 1 0.000002 3
VVF 1 0.000002 3
aswas 1 0.000002 5
mjmkm 1 0.000002 5
YUjk 1 0.000002 4
zxxxxxxXXX 1 0.000002 10
TrR 1 0.000002 3
Cdr 1 0.000002 3
SsX 1 0.000002 3
EwsX 1 0.000002 4
KOKLOL 1 0.000002 6
ssdx 1 0.000002 4
DESE 1 0.000002 4
olkij 1 0.000002 5
Huh 1 0.000002 3
Tfc 1 0.000002 3
mJi 1 0.000002 3
Aaa 1 0.000002 3
cxZ 1 0.000002 3
sxsz 1 0.000002 4
tfres 1 0.000002 5
jjhhh 1 0.000002 5
mNMNj 1 0.000002 5
AaQa 1 0.000002 4
TGH 1 0.000002 3
fGH 1 0.000002 3
koolkl 1 0.000002 6
mJH 1 0.000002 3
eEd 1 0.000002 3
JJM 1 0.000002 3
esas 1 0.000002 4
ujik 1 0.000002 4
dxD 1 0.000002 3
MNBVCXZA 1 0.000002 8
seser 1 0.000002 5
tresS 1 0.000002 5
kkll 1 0.000002 4
jkmnb 1 0.000002 5
eddes 1 0.000002 5
Awe 1 0.000002 3
mkool 1 0.000002 5
awsed 1 0.000002 5
Dfr 1 0.000002 3
Essa 1 0.000002 4
rtyy 1 0.000002 4
sxsse 1 0.000002 5
NJN 1 0.000002 3
waas 1 0.000002 4
BNn 1 0.000002 3
lkjhgfdsA 1 0.000002 9
REDs 1 0.000002 4
ZAs 1 0.000002 3
jhgh 1 0.000002 4
Zsas 1 0.000002 4
azzsa 1 0.000002 5
vgy 1 0.000002 3
vVFt 1 0.000002 4
bhuio 1 0.000002 5
ESSW 1 0.000002 4
Qazxsw 1 0.000002 6
dses 1 0.000002 4
GyT 1 0.000002 3
nNN 1 0.000002 3
EDS 1 0.000002 3
qazsxdr 1 0.000002 7
MnN 1 0.000002 3
hjhhh 1 0.000002 5
FFVG 1 0.000002 4
vcdd 1 0.000002 4
derT 1 0.000002 4
qWe 1 0.000002 3
bnbn 1 0.000002 4
mnnn 1 0.000002 4
TYG 1 0.000002 3
sDre 1 0.000002 4
sxxx 1 0.000002 4
ewert 1 0.000002 5
Aaaaaaa 1 0.000002 7
tgbn 1 0.000002 4
pooppo 1 0.000002 6
rRE 1 0.000002 3
Deed 1 0.000002 4
wertg 1 0.000002 5
rdsd 1 0.000002 4
qasdf 1 0.000002 5
LooLoo 1 0.000002 6
awaza 1 0.000002 5
kkmm 1 0.000002 4
YUi 1 0.000002 3
dsasd 1 0.000002 5
rRe 1 0.000002 3
jijijiiii 1 0.000002 9
YhN 1 0.000002 3
Freer 1 0.000002 5
sdser 1 0.000002 5
DDD 1 0.000002 3
TFg 1 0.000002 3
asswasa 1 0.000002 7
assssss 1 0.000002 7
SwedR 1 0.000002 5
zxxx 1 0.000002 4
rfcv 1 0.000002 4
tgfr 1 0.000002 4
Lop 1 0.000002 3
Deer 1 0.000002 4
MJN 1 0.000002 3
xcV 1 0.000002 3
pokool 1 0.000002 6
awww 1 0.000002 4
reDs 1 0.000002 4
mmmmmmmmmm 1 0.000002 10
gGt 1 0.000002 3
QQQ 1 0.000002 3
DRR 1 0.000002 3
sAa 1 0.000002 3
dedew 1 0.000002 5
Gyh 1 0.000002 3
huyu 1 0.000002 4
aSsE 1 0.000002 4
Fgb 1 0.000002 3
HNJ 1 0.000002 3
yYt 1 0.000002 3
Gyt 1 0.000002 3
lkjjjkjhhh 1 0.000002 10
dxsxs 1 0.000002 5
ZSZ 1 0.000002 3
jUJ 1 0.000002 3
Kopo 1 0.000002 4
bhhhu 1 0.000002 5
jJnM 1 0.000002 4
Qwaszx 1 0.000002 6
yyG 1 0.000002 3
Mkm 1 0.000002 3
fgfd 1 0.000002 4
dES 1 0.000002 3
vbgt 1 0.000002 4
redRE 1 0.000002 5
esxx 1 0.000002 4
hGf 1 0.000002 3
rdfred 1 0.000002 6
iiol 1 0.000002 4
NJu 1 0.000002 3
SeWE 1 0.000002 4
assdr 1 0.000002 5
swseed 1 0.000002 6
rRr 1 0.000002 3
Kooki 1 0.000002 5
edDe 1 0.000002 4
esS 1 0.000002 3
dxcv 1 0.000002 4
REe 1 0.000002 3
lllkjh 1 0.000002 6
kjnn 1 0.000002 4
eesz 1 0.000002 4
kopolo 1 0.000002 6
jUy 1 0.000002 3
Iuy 1 0.000002 3
kJn 1 0.000002 3
ujuju 1 0.000002 5
cfred 1 0.000002 5
Iop 1 0.000002 3
rdF 1 0.000002 3
RrR 1 0.000002 3
ZsS 1 0.000002 3
jklol 1 0.000002 5
uyY 1 0.000002 3
klok 1 0.000002 4
mjuiol 1 0.000002 6
eRR 1 0.000002 3
klkl 1 0.000002 4
nmnmjk 1 0.000002 6
fgtre 1 0.000002 5
JHJHu 1 0.000002 5
DcX 1 0.000002 3
tfde 1 0.000002 4
plopppp 1 0.000002 7
EWq 1 0.000002 3
olO 1 0.000002 3
hjhjhjhj 1 0.000002 8
JKl 1 0.000002 3
koloko 1 0.000002 6
jhhu 1 0.000002 4
IIO 1 0.000002 3
bgbgbh 1 0.000002 6
FRD 1 0.000002 3
yuji 1 0.000002 4
werde 1 0.000002 5
rdred 1 0.000002 5
Kll 1 0.000002 3
waswa 1 0.000002 5
LOP 1 0.000002 3
sZs 1 0.000002 3
ioppo 1 0.000002 5
asWa 1 0.000002 4
RtY 1 0.000002 3
rED 1 0.000002 3
lllKO 1 0.000002 5
ssD 1 0.000002 3
xdE 1 0.000002 3
rederese 1 0.000002 8
kooko 1 0.000002 5
sER 1 0.000002 3
qqqqqqq 1 0.000002 7
QqW 1 0.000002 3
cxds 1 0.000002 4
gvgt 1 0.000002 4
OoO 1 0.000002 3
asedr 1 0.000002 5
fTr 1 0.000002 3
gygg 1 0.000002 4
DXDXDX 1 0.000002 6
sawe 1 0.000002 4
ygH 1 0.000002 3
opopo 1 0.000002 5
hYG 1 0.000002 3
AssA 1 0.000002 4
fFC 1 0.000002 3
XXS 1 0.000002 3
mnjm 1 0.000002 4
Jhu 1 0.000002 3
ssaz 1 0.000002 4
SxS 1 0.000002 3
Wasser 1 0.000002 6
drF 1 0.000002 3
cvfv 1 0.000002 4
treed 1 0.000002 5
eeeeeee 1 0.000002 7
nmmmm 1 0.000002 5
eredf 1 0.000002 5
sDee 1 0.000002 4
XXZ 1 0.000002 3
qAZ 1 0.000002 3
iikk 1 0.000002 4
werewere 1 0.000002 8
iokok 1 0.000002 5
drede 1 0.000002 5
fTY 1 0.000002 3
AAAA 1 0.000002 4
tgf 1 0.000002 3
ddrrd 1 0.000002 5
CVG 1 0.000002 3
hhhhhhhh 1 0.000002 8
edR 1 0.000002 3
wwed 1 0.000002 4
zazza 1 0.000002 5
zasd 1 0.000002 4
ssWa 1 0.000002 4
hnhyu 1 0.000002 5
saZ 1 0.000002 3
qaqq 1 0.000002 4
weeed 1 0.000002 5
yuhUH 1 0.000002 5
ddesses 1 0.000002 7
erresa 1 0.000002 6
mklo 1 0.000002 4
zsS 1 0.000002 3
SaQa 1 0.000002 4
MNJ 1 0.000002 3
ttRd 1 0.000002 4
eWq 1 0.000002 3
TFR 1 0.000002 3
DEd 1 0.000002 3
AsAs 1 0.000002 4
Trf 1 0.000002 3
Ewa 1 0.000002 3
EdC 1 0.000002 3
wqQ 1 0.000002 3
DrT 1 0.000002 3
JhH 1 0.000002 3
fvB 1 0.000002 3
nBh 1 0.000002 3
QWERTy 1 0.000002 6
BVV 1 0.000002 3
mnbvcxza 1 0.000002 8
SDew 1 0.000002 4
qaqa 1 0.000002 4
redxxx 1 0.000002 6
olll 1 0.000002 4
asDF 1 0.000002 4
gtyhHYTG 1 0.000002 8
dXCv 1 0.000002 4
sssX 1 0.000002 4
hhyhn 1 0.000002 5
yuyuh 1 0.000002 5
JKJK 1 0.000002 4
kiI 1 0.000002 3
dreese 1 0.000002 6
bGfT 1 0.000002 4
gbbhh 1 0.000002 5
oooook 1 0.000002 6
IJIOK 1 0.000002 5
lollloll 1 0.000002 8
jijj 1 0.000002 4
Kijkl 1 0.000002 5
WasAq 1 0.000002 5
qazxswa 1 0.000002 7
redE 1 0.000002 4
ewsz 1 0.000002 4
kokopp 1 0.000002 6
BNB 1 0.000002 3
awE 1 0.000002 3
iolK 1 0.000002 4
lpoop 1 0.000002 5
DSere 1 0.000002 5
LOop 1 0.000002 4
FredC 1 0.000002 5
EDR 1 0.000002 3
AzAzA 1 0.000002 5
GYg 1 0.000002 3
wEr 1 0.000002 3
TyHN 1 0.000002 4
kopl 1 0.000002 4
rrrt 1 0.000002 4
BBbb 1 0.000002 4
drer 1 0.000002 4
frtghyuj 1 0.000002 8
hNj 1 0.000002 3
ikoik 1 0.000002 5
jijiji 1 0.000002 6
jjkkjj 1 0.000002 6
hhjjhh 1 0.000002 6
plopplop 1 0.000002 8
loio 1 0.000002 4
QWERT 1 0.000002 5
QWErt 1 0.000002 5
oKK 1 0.000002 3
edees 1 0.000002 5
Hnb 1 0.000002 3
cfde 1 0.000002 4
wqwqwqwq 1 0.000002 8
hjhj 1 0.000002 4
njkk 1 0.000002 4
asder 1 0.000002 5
rtrr 1 0.000002 4
yhuy 1 0.000002 4
asdfghjklp 1 0.000002 10
QAS 1 0.000002 3
rEESe 1 0.000002 5
IJK 1 0.000002 3
vBN 1 0.000002 3
sesA 1 0.000002 4
dxz 1 0.000002 3
aqwerty 1 0.000002 7
jMn 1 0.000002 3
kjuj 1 0.000002 4
okkol 1 0.000002 5
tTg 1 0.000002 3
lloK 1 0.000002 4
bggty 1 0.000002 5
rdSa 1 0.000002 4
lloooo 1 0.000002 6
deww 1 0.000002 4
rrde 1 0.000002 4
sawwas 1 0.000002 6
rrdee 1 0.000002 5
Ghb 1 0.000002 3
werede 1 0.000002 6
asaweee 1 0.000002 7
bvcxz 1 0.000002 5
dedc 1 0.000002 4
ertyty 1 0.000002 6
pololplo 1 0.000002 8
ASEE 1 0.000002 4
gfcc 1 0.000002 4
azzaq 1 0.000002 5
xxza 1 0.000002 4
kkju 1 0.000002 4
JNb 1 0.000002 3
hggy 1 0.000002 4
erfred 1 0.000002 6
looop 1 0.000002 5
WAQ 1 0.000002 3
tygy 1 0.000002 4
vfvv 1 0.000002 4
sED 1 0.000002 3
RRR 1 0.000002 3
pokokm 1 0.000002 6
LPL 1 0.000002 3
sawse 1 0.000002 5
CfF 1 0.000002 3
poP 1 0.000002 3
mnmj 1 0.000002 4
dEd 1 0.000002 3
oloki 1 0.000002 5
tGt 1 0.000002 3
wsaw 1 0.000002 4
AWesa 1 0.000002 5
Sde 1 0.000002 3
loppl 1 0.000002 5
gTr 1 0.000002 3
LopLop 1 0.000002 6
hjK 1 0.000002 3
aaaassdd 1 0.000002 8
qwsa 1 0.000002 4
rDE 1 0.000002 3
jkmkjm 1 0.000002 6
Opo 1 0.000002 3
KIJ 1 0.000002 3
jjmm 1 0.000002 4
wewqwewq 1 0.000002 8
lkjkjn 1 0.000002 6
qwasas 1 0.000002 6
ggtr 1 0.000002 4
jhui 1 0.000002 4
rTy 1 0.000002 3
dDeR 1 0.000002 4
njuy 1 0.000002 4
drdc 1 0.000002 4
SeSa 1 0.000002 4
ggB 1 0.000002 3
tRf 1 0.000002 3
poiuu 1 0.000002 5
BBN 1 0.000002 3
DEEDEE 1 0.000002 6
esesde 1 0.000002 6
lolopolo 1 0.000002 8
rEs 1 0.000002 3
YhB 1 0.000002 3
Bbbb 1 0.000002 4
Sdftr 1 0.000002 5
sEw 1 0.000002 3
Ewee 1 0.000002 4
Hytr 1 0.000002 4
seesaws 1 0.000002 7
nnbh 1 0.000002 4
JHG 1 0.000002 3
gghhjj 1 0.000002 6
deerdeer 1 0.000002 8
ErTTyy 1 0.000002 6
kOO 1 0.000002 3
xxxsssaaa 1 0.000002 9
dccfc 1 0.000002 5
rewQ 1 0.000002 4
eSsX 1 0.000002 4
gyuji 1 0.000002 5
bhgg 1 0.000002 4
dderd 1 0.000002 5
CDF 1 0.000002 3
drewe 1 0.000002 5
fccv 1 0.000002 4
jujuju 1 0.000002 6
aSd 1 0.000002 3
fFf 1 0.000002 3
hNH 1 0.000002 3
rdresser 1 0.000002 8
HNj 1 0.000002 3
lpokiujh 1 0.000002 8
ReeSe 1 0.000002 5
ggggggg 1 0.000002 7
dresses 1 0.000002 7
bNBN 1 0.000002 4
WERF 1 0.000002 4
azzaa 1 0.000002 5
qwertY 1 0.000002 6
KiKi 1 0.000002 4
azZ 1 0.000002 3
asswe 1 0.000002 5
HyT 1 0.000002 3
yhjm 1 0.000002 4
dreds 1 0.000002 5
ikij 1 0.000002 4
zaaw 1 0.000002 4
rdeed 1 0.000002 5
FGt 1 0.000002 3
ZSA 1 0.000002 3
asS 1 0.000002 3
frfd 1 0.000002 4
kokj 1 0.000002 4
zss 1 0.000002 3
poppoppop 1 0.000002 9
wede 1 0.000002 4
okko 1 0.000002 4
fresas 1 0.000002 6
DEds 1 0.000002 4
dcdr 1 0.000002 4
eRfg 1 0.000002 4
WAWe 1 0.000002 4
wEdsW 1 0.000002 5
oppop 1 0.000002 5
MnB 1 0.000002 3
ddrr 1 0.000002 4
zxcvbnMM 1 0.000002 8
WqWe 1 0.000002 4
Derf 1 0.000002 4
Ssw 1 0.000002 3
mkoij 1 0.000002 5
aseer 1 0.000002 5
UJMN 1 0.000002 4
azA 1 0.000002 3
okkloo 1 0.000002 6
rdC 1 0.000002 3
loOp 1 0.000002 4
kikij 1 0.000002 5
hNJ 1 0.000002 3
pLp 1 0.000002 3
DFR 1 0.000002 3
ssses 1 0.000002 5
dewaa 1 0.000002 5
aswer 1 0.000002 5
nbhuy 1 0.000002 5
wesw 1 0.000002 4
Lll 1 0.000002 3
weRty 1 0.000002 5
Qwwe 1 0.000002 4
qweewq 1 0.000002 6
Tygh 1 0.000002 4
mkok 1 0.000002 4
WSSA 1 0.000002 4
assSW 1 0.000002 5
opL 1 0.000002 3
drewer 1 0.000002 6
NNb 1 0.000002 3
WWWSD 1 0.000002 5
lopo 1 0.000002 4
Qwa 1 0.000002 3
Wedd 1 0.000002 4
weE 1 0.000002 3
uytrewq 1 0.000002 7
Klk 1 0.000002 3
kkklp 1 0.000002 5
waqqqas 1 0.000002 7
DDDr 1 0.000002 4
rdew 1 0.000002 4
ijmji 1 0.000002 5
ttress 1 0.000002 6
Nhy 1 0.000002 3
yuH 1 0.000002 3
lkI 1 0.000002 3
ASES 1 0.000002 4
ytrer 1 0.000002 5
ppolloo 1 0.000002 7
Eesa 1 0.000002 4
KKM 1 0.000002 3
awerr 1 0.000002 5
reedr 1 0.000002 5
Bhu 1 0.000002 3
ikikiki 1 0.000002 7
huyh 1 0.000002 4
nhhb 1 0.000002 4
hJh 1 0.000002 3
DSW 1 0.000002 3
aswedd 1 0.000002 6
wawasa 1 0.000002 6
uuhg 1 0.000002 4
YyUyy 1 0.000002 5
yYH 1 0.000002 3
Ikk 1 0.000002 3
vVG 1 0.000002 3
Bnm 1 0.000002 3
ioio 1 0.000002 4
yyU 1 0.000002 3
ASDFgh 1 0.000002 6
asaasa 1 0.000002 6
qwwq 1 0.000002 4
ewaqa 1 0.000002 5
kkllklkl 1 0.000002 8
BHH 1 0.000002 3
hujk 1 0.000002 4
YTF 1 0.000002 3
ujjiko 1 0.000002 6
qWq 1 0.000002 3
asdeed 1 0.000002 6
gggy 1 0.000002 4
OLLO 1 0.000002 4
iuju 1 0.000002 4
eswes 1 0.000002 5
Uhu 1 0.000002 3
asE 1 0.000002 3
TreE 1 0.000002 4
azazaz 1 0.000002 6
iuytrewq 1 0.000002 8
KMn 1 0.000002 3
eddr 1 0.000002 4
popop 1 0.000002 5
Mnbv 1 0.000002 4
ssW 1 0.000002 3
edX 1 0.000002 3
uiki 1 0.000002 4
jmkm 1 0.000002 4
gfgfgf 1 0.000002 6
Klp 1 0.000002 3
ttR 1 0.000002 3
hjmnm 1 0.000002 5
lllllll 1 0.000002 7
ffcc 1 0.000002 4
zsaasz 1 0.000002 6
Lolk 1 0.000002 4
esAS 1 0.000002 4
yYyY 1 0.000002 4
koL 1 0.000002 3
qazxsde 1 0.000002 7
szza 1 0.000002 4
xswee 1 0.000002 5
asdx 1 0.000002 4
qwE 1 0.000002 3
xsass 1 0.000002 5
kokokoi 1 0.000002 7
Eresas 1 0.000002 6
fdsdffd 1 0.000002 7
NBNM 1 0.000002 4
mnbvcxzasdfg 1 0.000002 12
JHN 1 0.000002 3
ikok 1 0.000002 4
polkm 1 0.000002 5
ZZa 1 0.000002 3
wswe 1 0.000002 4
lkiop 1 0.000002 5
vgft 1 0.000002 4
resd 1 0.000002 4
aaqa 1 0.000002 4
uiji 1 0.000002 4
VVVVVV 1 0.000002 6
Ggyy 1 0.000002 4
saawa 1 0.000002 5
lkjh 1 0.000002 4
gFvBn 1 0.000002 5
Waa 1 0.000002 3
nnhn 1 0.000002 4
Bvc 1 0.000002 3
aasee 1 0.000002 5
gtfre 1 0.000002 5
POLL 1 0.000002 4
DsS 1 0.000002 3
asewa 1 0.000002 5
jiop 1 0.000002 4
weeded 1 0.000002 6
rEr 1 0.000002 3
FRES 1 0.000002 4
yyyyyy 1 0.000002 6
awaqas 1 0.000002 6
iOK 1 0.000002 3
FCc 1 0.000002 3
JjUj 1 0.000002 4
Mnb 1 0.000002 3
DEe 1 0.000002 3
sddds 1 0.000002 5
Asss 1 0.000002 4
RDED 1 0.000002 4
zZZ 1 0.000002 3
NNNN 1 0.000002 4
lopol 1 0.000002 5
jhjh 1 0.000002 4
POLLO 1 0.000002 5
ededd 1 0.000002 5
njjkjm 1 0.000002 6
rTYh 1 0.000002 4
azazazaz 1 0.000002 8
Cfg 1 0.000002 3
esE 1 0.000002 3
sedfre 1 0.000002 6
wAS 1 0.000002 3
essaw 1 0.000002 5
aswewe 1 0.000002 6
Gfd 1 0.000002 3
vbbvbb 1 0.000002 6
Fgh 1 0.000002 3
sesde 1 0.000002 5
KoolKi 1 0.000002 6
hhbn 1 0.000002 4
kmki 1 0.000002 4
werere 1 0.000002 6
TGV 1 0.000002 3
FDfc 1 0.000002 4
rdfr 1 0.000002 4
ssxc 1 0.000002 4
NJNB 1 0.000002 4
fdcc 1 0.000002 4
wwee 1 0.000002 4
Wqas 1 0.000002 4
REEDS 1 0.000002 5
Sasa 1 0.000002 4
tYt 1 0.000002 3
Ujuju 1 0.000002 5
rfvb 1 0.000002 4
NjU 1 0.000002 3
ReS 1 0.000002 3
LOi 1 0.000002 3
HGT 1 0.000002 3
eER 1 0.000002 3
lkM 1 0.000002 3
sswE 1 0.000002 4
WeW 1 0.000002 3
erE 1 0.000002 3
edss 1 0.000002 4
wAs 1 0.000002 3
RfgH 1 0.000002 4
uhN 1 0.000002 3
HGV 1 0.000002 3
OlO 1 0.000002 3
uyT 1 0.000002 3
Wsz 1 0.000002 3
ccccccc 1 0.000002 7
Zxcv 1 0.000002 4
drEE 1 0.000002 4
oKo 1 0.000002 3
uiI 1 0.000002 3
tggt 1 0.000002 4
ookool 1 0.000002 6
tygb 1 0.000002 4
dfvb 1 0.000002 4
Ygg 1 0.000002 3
LoP 1 0.000002 3
gBh 1 0.000002 3
deds 1 0.000002 4
ghjh 1 0.000002 4
nhhnj 1 0.000002 5
wsxsdf 1 0.000002 6
esewa 1 0.000002 5
EEE 1 0.000002 3
rrR 1 0.000002 3
kkoi 1 0.000002 4
JiIu 1 0.000002 4
llookkoo 1 0.000002 8
UhN 1 0.000002 3
vgyui 1 0.000002 5
frdf 1 0.000002 4
Sdf 1 0.000002 3
NHytg 1 0.000002 5
hYu 1 0.000002 3
VbGt 1 0.000002 4
HNh 1 0.000002 3
kOOL 1 0.000002 4
KJj 1 0.000002 3
pppo 1 0.000002 4
jNj 1 0.000002 3
hhyhhyhhy 1 0.000002 9
eweeds 1 0.000002 6
hNN 1 0.000002 3
SAQ 1 0.000002 3
REDRED 1 0.000002 6
gfgv 1 0.000002 4
Hhb 1 0.000002 3
poollo 1 0.000002 6
sZA 1 0.000002 3
mNJu 1 0.000002 4
klol 1 0.000002 4
dedE 1 0.000002 4
Qwe 1 0.000002 3
asereser 1 0.000002 8
jiK 1 0.000002 3
frds 1 0.000002 4
Dse 1 0.000002 3
WWe 1 0.000002 3
kikkik 1 0.000002 6
loP 1 0.000002 3
asdsd 1 0.000002 5
nhG 1 0.000002 3
iKo 1 0.000002 3
ikI 1 0.000002 3
ewwwww 1 0.000002 6
lllkkklk 1 0.000002 8
